[
  {
    "frame": 0,
    "detections": [
      {
        "id": 2,
        "center": [
          408.5510718178602,
          290.7444968722268
        ],
        "t": [
          0.005510984995601086,
          0.00554149701638839,
          0.035472765211965934
        ],
        "R": [
          [
            -0.1539317032171602,
            -0.9878585287183784,
            0.020989473147847035
          ],
          [
            0.9873841031614617,
            -0.15299037623074063,
            0.04082373825132303
          ],
          [
            -0.03711689061196202,
            0.027008739680636214,
            0.9989458766180295
          ]
        ],
        "corners": [
          [
            369.5018005371094,
            237.3602600097657
          ],
          [
            355.3363342285156,
            329.8728332519531
          ],
          [
            448.1065063476563,
            344.82070922851557
          ],
          [
            461.8096313476563,
            251.58393859863284
          ]
        ]
      }
    ]
  },
  {
    "frame": 1,
    "detections": [
      {
        "id": 2,
        "center": [
          408.5281424580924,
          290.7978248729812
        ],
        "t": [
          0.005510580329376122,
          0.005543401929664614,
          0.035476357765276904
        ],
        "R": [
          [
            -0.15387010458714212,
            -0.987781523480601,
            0.024731615084444956
          ],
          [
            0.9875784558773931,
            -0.1529359423314282,
            0.036047066871266534
          ],
          [
            -0.031824273772789,
            0.02997097618599168,
            0.9990440211448609
          ]
        ],
        "corners": [
          [
            369.47119140624994,
            237.3313903808594
          ],
          [
            355.3952331542969,
            329.8212280273438
          ],
          [
            448.02615356445307,
            344.86804199218744
          ],
          [
            461.8562927246093,
            251.63102722167966
          ]
        ]
      }
    ]
  },
  {
    "frame": 2,
    "detections": [
      {
        "id": 2,
        "center": [
          408.5824747519183,
          290.8146620089008
        ],
        "t": [
          0.005509779229195371,
          0.005541060632923501,
          0.03545215141217341
        ],
        "R": [
          [
            -0.15421297744038476,
            -0.987904911633605,
            0.016193923526159018
          ],
          [
            0.9875170090887953,
            -0.1535790168727863,
            0.03498059943323563
          ],
          [
            -0.03207045913752058,
            0.02138623731721393,
            0.9992567810648675
          ]
        ],
        "corners": [
          [
            369.5257568359375,
            237.32411193847656
          ],
          [
            355.3889465332031,
            329.9168701171875
          ],
          [
            448.0296936035156,
            344.84002685546875
          ],
          [
            461.8650817871094,
            251.64697265625006
          ]
        ]
      }
    ]
  },
  {
    "frame": 3,
    "detections": [
      {
        "id": 2,
        "center": [
          408.60016570554086,
          290.8055009533318
        ],
        "t": [
          0.00551095508610142,
          0.005540473554876097,
          0.03545248873625013
        ],
        "R": [
          [
            -0.1544410661351908,
            -0.9878891250246111,
            0.014934314484896148
          ],
          [
            0.987470439221604,
            -0.15384456610518205,
            0.035128067743627325
          ],
          [
            -0.03240507297505009,
            0.020172410317468956,
            0.9992712269986889
          ]
        ],
        "corners": [
          [
            369.5571594238281,
            237.30464172363287
          ],
          [
            355.40551757812506,
            329.9071350097656
          ],
          [
            448.0262756347656,
            344.83132934570307
          ],
          [
            461.8736877441405,
            251.64588928222656
          ]
        ]
      }
    ]
  },
  {
    "frame": 4,
    "detections": [
      {
        "id": 2,
        "center": [
          408.5803678299951,
          290.73303495827395
        ],
        "t": [
          0.0055128882003875465,
          0.00554115997734312,
          0.035473439591980634
        ],
        "R": [
          [
            -0.15480804928490827,
            -0.9877092107116965,
            0.02156346335541697
          ],
          [
            0.987202490055131,
            -0.15380909663194753,
            0.042118943745222584
          ],
          [
            -0.03828461186365134,
            0.027807856237818875,
            0.9988798784768398
          ]
        ],
        "corners": [
          [
            369.57769775390625,
            237.3271636962891
          ],
          [
            355.3219299316407,
            329.8236389160156
          ],
          [
            448.1089782714844,
            344.8590698242187
          ],
          [
            461.870391845703,
            251.6192474365234
          ]
        ]
      }
    ]
  },
  {
    "frame": 5,
    "detections": [
      {
        "id": 2,
        "center": [
          408.5928874669424,
          290.80165944752747
        ],
        "t": [
          0.005509592249471849,
          0.005540205186398112,
          0.03545482951179626
        ],
        "R": [
          [
            -0.15472060077985963,
            -0.9878895529315469,
            0.011651905553474534
          ],
          [
            0.9873045354772836,
            -0.15417849388826288,
            0.03819353673505658
          ],
          [
            -0.03593452268090668,
            0.017413306149453953,
            0.9992024253616686
          ]
        ],
        "corners": [
          [
            369.5031127929687,
            237.2622070312499
          ],
          [
            355.3902282714844,
            329.91943359375
          ],
          [
            448.0303039550782,
            344.81726074218756
          ],
          [
            461.7786560058594,
            251.69630432128903
          ]
        ]
      }
    ]
  }
]