[
  {
    "variant": "as-doc",
    "tag_conv": "tag->cam",
    "error_mm": 503.56317046052345,
    "R_c2g": [
      [
        0.17738318637661488,
        -0.9718105321751643,
        0.1553045226138039
      ],
      [
        0.9839802705535282,
        0.17799140234474045,
        -0.010093951295673975
      ],
      [
        -0.017833461590112232,
        0.15460708342367482,
        0.9878150724720385
      ]
    ],
    "t_c2g": [
      -0.3441079294765276,
      -0.1910280557793555,
      0.02602684479532441
    ]
  },
  {
    "variant": "inverted",
    "tag_conv": "tag->cam",
    "error_mm": 503.5631704605233,
    "R_c2g": [
      [
        0.17738318637661488,
        -0.9718105321751643,
        0.1553045226138039
      ],
      [
        0.9839802705535282,
        0.17799140234474045,
        -0.010093951295673975
      ],
      [
        -0.017833461590112232,
        0.15460708342367482,
        0.9878150724720385
      ]
    ],
    "t_c2g": [
      -0.34410792947652724,
      -0.191028055779356,
      0.02602684479532455
    ]
  },
  {
    "variant": "as-doc",
    "tag_conv": "cam->tag",
    "error_mm": 541.5637688565779,
    "R_c2g": [
      [
        -0.1658142501864699,
        0.9719050266851426,
        -0.16705164931621397
      ],
      [
        -0.9851453096712304,
        -0.17092138322801403,
        -0.01657104668383358
      ],
      [
        0.04465818254110149,
        -0.1618224331160344,
        -0.9858088794855377
      ]
    ],
    "t_c2g": [
      -0.34315272831964616,
      -0.17940506174806087,
      0.0653417868385498
    ]
  },
  {
    "variant": "inverted",
    "tag_conv": "cam->tag",
    "error_mm": 541.5637688565802,
    "R_c2g": [
      [
        -0.1658142501864699,
        0.9719050266851426,
        -0.16705164931621397
      ],
      [
        -0.9851453096712304,
        -0.17092138322801403,
        -0.01657104668383358
      ],
      [
        0.04465818254110149,
        -0.1618224331160344,
        -0.9858088794855377
      ]
    ],
    "t_c2g": [
      -0.3431527283196521,
      -0.17940506174806037,
      0.06534178683855296
    ]
  }
]