[
  {
    "frame": 0,
    "detections": [
      {
        "id": 1,
        "center": [
          235.26382991928568,
          350.6787733816078
        ],
        "t": [
          -0.0061731863604669365,
          0.010877992128822952,
          0.04167240115779513
        ],
        "R": [
          [
            0.9893957669056891,
            0.14029448652436421,
            0.037596189700127604
          ],
          [
            -0.14220761112654132,
            0.988348935902994,
            0.05425289150914042
          ],
          [
            -0.02954677252739131,
            -0.059024045526252567,
            0.9978191971910189
          ]
        ],
        "corners": [
          [
            201.31864929199216,
            396.0068054199218
          ],
          [
            279.8113708496094,
            385.4027099609375
          ],
          [
            269.1514892578125,
            305.4275512695313
          ],
          [
            191.1258850097656,
            316.2741088867188
          ]
        ]
      },
      {
        "id": 2,
        "center": [
          207.85434961232272,
          129.5625125739736
        ],
        "t": [
          -0.00835189082043258,
          -0.005368934498330691,
          0.042584082591113785
        ],
        "R": [
          [
            0.11317631631529124,
            -0.9930670875597145,
            0.03176288763584236
          ],
          [
            0.993564770432571,
            0.11297281906520307,
            -0.008135668855963602
          ],
          [
            0.0044909220182696614,
            0.03247925119406024,
            0.999462320380963
          ]
        ],
        "corners": [
          [
            165.06660461425784,
            95.50249481201178
          ],
          [
            173.98464965820315,
            172.65013122558597
          ],
          [
            250.64784240722656,
            163.6271057128906
          ],
          [
            241.98489379882815,
            86.14305877685547
          ]
        ]
      },
      {
        "id": 4,
        "center": [
          439.5179411295109,
          95.51410410586882
        ],
        "t": [
          0.00872476709269999,
          -0.0077173739282702086,
          0.04164233836312327
        ],
        "R": [
          [
            -0.10811705247392259,
            0.9852299042155297,
            0.13278832329616985
          ],
          [
            -0.9932092558512615,
            -0.1128209830723152,
            0.028404222749091955
          ],
          [
            0.04296599883320276,
            -0.12881561092528102,
            0.9907373321553054
          ]
        ],
        "corners": [
          [
            485.01980590820307,
            129.90286254882812
          ],
          [
            475.11825561523443,
            50.63995361328123
          ],
          [
            395.4399108886719,
            62.20143127441405
          ],
          [
            404.0878601074218,
            140.1736755371094
          ]
        ]
      },
      {
        "id": 5,
        "center": [
          459.3243412564858,
          308.2237264307936
        ],
        "t": [
          0.01009828154460716,
          0.007721364292546416,
          0.04134291913813327
        ],
        "R": [
          [
            0.9918175462798341,
            0.09825607308928416,
            0.08150888903992518
          ],
          [
            -0.10276479559941673,
            0.9932878616188142,
            0.05309068417464797
          ],
          [
            -0.07574530795276822,
            -0.06103251643014042,
            0.9952575949277377
          ]
        ],
        "corners": [
          [
            423.5240478515625,
            351.9964904785156
          ],
          [
            504.72393798828125,
            345.36007690429676
          ],
          [
            495.34460449218756,
            264.1820068359375
          ],
          [
            414.88986206054693,
            271.87683105468756
          ]
        ]
      }
    ]
  },
  {
    "frame": 1,
    "detections": [
      {
        "id": 1,
        "center": [
          235.38444005520793,
          350.4757445837662
        ],
        "t": [
          -0.006146430684719954,
          0.010835108685735211,
          0.04151238991305713
        ],
        "R": [
          [
            0.9897002946348985,
            0.13791427243936394,
            0.03837942491903533
          ],
          [
            -0.13952843148750554,
            0.9892777621452327,
            0.04314308903587673
          ],
          [
            -0.03201786386115461,
            -0.04805374889061234,
            0.9983314547840945
          ]
        ],
        "corners": [
          [
            201.1524200439453,
            395.88793945312494
          ],
          [
            280.2752990722657,
            385.50802612304693
          ],
          [
            269.1498718261718,
            305.6825256347656
          ],
          [
            191.01527404785153,
            315.8505859374999
          ]
        ]
      },
      {
        "id": 2,
        "center": [
          208.09305274113845,
          129.34247022874274
        ],
        "t": [
          -0.00839474310263895,
          -0.005409462857186419,
          0.04286484968672201
        ],
        "R": [
          [
            0.11558058817077316,
            -0.9931575800357993,
            -0.01670774836811704
          ],
          [
            0.9931506853986473,
            0.11583687050032956,
            -0.015281869155534675
          ],
          [
            0.01711267747300422,
            -0.014827024317918066,
            0.9997436249457062
          ]
        ],
        "corners": [
          [
            165.0276641845703,
            95.04571533203126
          ],
          [
            174.1869506835937,
            172.54766845703125
          ],
          [
            250.92175292968753,
            163.4507293701172
          ],
          [
            241.68955993652352,
            86.53177642822268
          ]
        ]
      },
      {
        "id": 4,
        "center": [
          439.7090539034617,
          95.42448525994588
        ],
        "t": [
          0.008723294407851674,
          -0.0077124528794967956,
          0.04156787607895131
        ],
        "R": [
          [
            -0.10829648339625589,
            0.9884978113310572,
            0.10556490267940934
          ],
          [
            -0.9932992874556229,
            -0.1119058695025968,
            0.028872164986704682
          ],
          [
            0.0403534041210431,
            -0.10173078867568285,
            0.9939931837851139
          ]
        ],
        "corners": [
          [
            485.0943603515625,
            130.01641845703125
          ],
          [
            475.29452514648443,
            50.74773406982423
          ],
          [
            395.5078430175781,
            61.73505020141602
          ],
          [
            404.24343872070307,
            139.9507598876953
          ]
        ]
      },
      {
        "id": 5,
        "center": [
          459.5815504627119,
          307.9805711036622
        ],
        "t": [
          0.01011965398490608,
          0.0077155974897528,
          0.04140676195870422
        ],
        "R": [
          [
            0.9938161409819195,
            0.09248641451635958,
            0.06144705895089309
          ],
          [
            -0.09832015008579936,
            0.9901274187856963,
            0.09990416735992469
          ],
          [
            -0.05160063963665855,
            -0.1053278581320349,
            0.9930978885741353
          ]
        ],
        "corners": [
          [
            423.8329162597657,
            352.0054931640625
          ],
          [
            505.0794677734375,
            345.0928955078125
          ],
          [
            494.92974853515625,
            264.4487915039062
          ],
          [
            414.7539367675782,
            271.4150085449218
          ]
        ]
      }
    ]
  },
  {
    "frame": 2,
    "detections": [
      {
        "id": 1,
        "center": [
          235.52651151368585,
          350.74455208738004
        ],
        "t": [
          -0.006184597805876383,
          0.01092420311701281,
          0.041832954882921644
        ],
        "R": [
          [
            0.9905957052964535,
            0.1367439556979676,
            0.00460860372488941
          ],
          [
            -0.1367881185619179,
            0.9890463113425778,
            0.055465346297757935
          ],
          [
            0.003026428342371508,
            -0.055574136068064654,
            0.9984499767798969
          ]
        ],
        "corners": [
          [
            201.32878112792972,
            396.19921874999994
          ],
          [
            279.77203369140625,
            385.1282653808595
          ],
          [
            269.40466308593744,
            305.71466064453125
          ],
          [
            191.21725463867188,
            316.31130981445307
          ]
        ]
      },
      {
        "id": 2,
        "center": [
          208.01535608425283,
          129.36892493513577
        ],
        "t": [
          -0.008381303676243837,
          -0.005395779453221233,
          0.04279579501035463
        ],
        "R": [
          [
            0.11173327044155451,
            -0.9937173045435288,
            0.006449412932838966
          ],
          [
            0.9936388665223577,
            0.11162796733520675,
            -0.014866063526496765
          ],
          [
            0.01405272972052502,
            0.008069421252728142,
            0.9998686939933902
          ]
        ],
        "corners": [
          [
            165.27810668945312,
            95.11857604980467
          ],
          [
            174.10838317871088,
            172.3780059814453
          ],
          [
            250.9321746826172,
            163.76318359375
          ],
          [
            241.74356079101568,
            86.58660125732422
          ]
        ]
      },
      {
        "id": 4,
        "center": [
          439.80022679169457,
          95.5143944860776
        ],
        "t": [
          0.008731900735617977,
          -0.007713018351463892,
          0.04160629044023627
        ],
        "R": [
          [
            -0.10992587739558102,
            0.9892356993033322,
            0.0965869178649956
          ],
          [
            -0.9931880876467888,
            -0.11310150292650273,
            0.0280262839541871
          ],
          [
            0.03864872617986371,
            -0.09284816239223075,
            0.9949298943669649
          ]
        ],
        "corners": [
          [
            484.99871826171875,
            129.90229797363287
          ],
          [
            475.2709655761719,
            50.97742080688479
          ],
          [
            395.50964355468756,
            61.81724548339839
          ],
          [
            404.28756713867193,
            140.10400390624997
          ]
        ]
      },
      {
        "id": 5,
        "center": [
          459.6728850552121,
          308.361131501653
        ],
        "t": [
          0.010067647388227553,
          0.0076896728466068496,
          0.04119395962363082
        ],
        "R": [
          [
            0.9935922871926981,
            0.0976084018650375,
            0.056982161388777326
          ],
          [
            -0.10057094144576584,
            0.9935875111209926,
            0.05166568959283148
          ],
          [
            -0.051573758520158636,
            -0.05706538030841331,
            0.9970374565693911
          ]
        ],
        "corners": [
          [
            423.92681884765625,
            352.16143798828125
          ],
          [
            504.7118835449218,
            345.19506835937494
          ],
          [
            495.4815673828125,
            264.48410034179693
          ],
          [
            414.4134216308593,
            271.34689331054693
          ]
        ]
      }
    ]
  },
  {
    "frame": 3,
    "detections": [
      {
        "id": 1,
        "center": [
          235.51477242777844,
          350.8368117641582
        ],
        "t": [
          -0.00616395274934949,
          0.010871079369018715,
          0.04164414742730074
        ],
        "R": [
          [
            0.990123101250374,
            0.1388144345249857,
            0.01966715886576562
          ],
          [
            -0.13938029881614228,
            0.9897496985848281,
            0.03112340683737902
          ],
          [
            -0.015145186438789605,
            -0.03355721857887775,
            0.9993220383885185
          ]
        ],
        "corners": [
          [
            201.72262573242188,
            396.0632934570312
          ],
          [
            279.7095947265625,
            385.11279296874994
          ],
          [
            269.32183837890625,
            305.5903625488281
          ],
          [
            190.73793029785156,
            316.1094360351563
          ]
        ]
      },
      {
        "id": 2,
        "center": [
          207.88354262409518,
          129.42859904692645
        ],
        "t": [
          -0.008366629627328844,
          -0.005384598551508752,
          0.04270456686553421
        ],
        "R": [
          [
            0.11604627925158856,
            -0.9929491181885042,
            0.024193175908379407
          ],
          [
            0.9930468067235447,
            0.11550373334713321,
            -0.022736033933938263
          ],
          [
            0.019781322706866174,
            0.026663388223288568,
            0.9994487295506563
          ]
        ],
        "corners": [
          [
            165.01240539550784,
            95.511978149414
          ],
          [
            174.36700439453125,
            172.45108032226562
          ],
          [
            251.10589599609372,
            163.62307739257818
          ],
          [
            241.59193420410153,
            86.15985107421874
          ]
        ]
      },
      {
        "id": 4,
        "center": [
          439.6211054259429,
          95.58670405623955
        ],
        "t": [
          0.008725187526181325,
          -0.007710347123955483,
          0.04160393048583622
        ],
        "R": [
          [
            -0.11009847885816736,
            0.9871751670050938,
            0.11560066869003541
          ],
          [
            -0.9935976154620917,
            -0.11228095822422487,
            0.012520581787403782
          ],
          [
            0.02533976126885958,
            -0.1134820517470301,
            0.9932168546848779
          ]
        ],
        "corners": [
          [
            484.9486389160156,
            130.15444946289062
          ],
          [
            475.3775634765626,
            50.60790252685548
          ],
          [
            395.3990783691406,
            61.86204147338867
          ],
          [
            404.2150268554687,
            140.12475585937497
          ]
        ]
      },
      {
        "id": 5,
        "center": [
          459.51468641761386,
          308.34829459651996
        ],
        "t": [
          0.010103027092710349,
          0.007722104509545254,
          0.041348896258072594
        ],
        "R": [
          [
            0.9931396653579334,
            0.09784202281248594,
            0.06403548754162984
          ],
          [
            -0.10189814381069379,
            0.9927676527138289,
            0.06347563322259206
          ],
          [
            -0.05736177630328767,
            -0.06956526645557283,
            0.9959268549056686
          ]
        ],
        "corners": [
          [
            424.00091552734375,
            352.1276550292969
          ],
          [
            504.7223205566407,
            345.29614257812494
          ],
          [
            495.13510131835943,
            264.4374694824219
          ],
          [
            414.61511230468756,
            271.65222167968756
          ]
        ]
      }
    ]
  },
  {
    "frame": 4,
    "detections": [
      {
        "id": 1,
        "center": [
          235.30735158617355,
          350.5775075752281
        ],
        "t": [
          -0.00615798193025287,
          0.01085718822893587,
          0.04159152038512302
        ],
        "R": [
          [
            0.98936714957093,
            0.14119409908262692,
            0.034883659987700384
          ],
          [
            -0.14286679701982324,
            0.9884109717403424,
            0.05131110262514567
          ],
          [
            -0.027234567358208988,
            -0.05574923611635317,
            0.9980732944094107
          ]
        ],
        "corners": [
          [
            201.24568176269534,
            396.0564880371094
          ],
          [
            280.17889404296875,
            385.3558959960937
          ],
          [
            269.1176147460937,
            305.4342041015625
          ],
          [
            191.01675415039065,
            316.24938964843756
          ]
        ]
      },
      {
        "id": 2,
        "center": [
          208.08651210058557,
          129.36472557624205
        ],
        "t": [
          -0.008387915135273965,
          -0.005400474343407391,
          0.04280933687515621
        ],
        "R": [
          [
            0.11629795293593923,
            -0.9931922080718704,
            -0.00663505600824461
          ],
          [
            0.9930770097172484,
            0.11639037369103017,
            -0.015853506965654903
          ],
          [
            0.016517836237162072,
            -0.004745391173012702,
            0.9998523102682003
          ]
        ],
        "corners": [
          [
            165.05973815917966,
            95.07499694824222
          ],
          [
            174.22341918945312,
            172.7807159423828
          ],
          [
            250.8284149169922,
            163.42742919921872
          ],
          [
            241.60368347167966,
            86.39224243164062
          ]
        ]
      },
      {
        "id": 4,
        "center": [
          439.7241578329757,
          95.62579512269774
        ],
        "t": [
          0.00872396686817305,
          -0.007701993908767038,
          0.04159152173972674
        ],
        "R": [
          [
            -0.11507248095113587,
            0.9890295120290349,
            0.09262261313177793
          ],
          [
            -0.9930687691332372,
            -0.1167843063948858,
            0.013260676908165058
          ],
          [
            0.023932068442733708,
            -0.09045468542576476,
            0.9956129800201372
          ]
        ],
        "corners": [
          [
            484.9389953613281,
            129.97302246093753
          ],
          [
            475.13085937499994,
            50.78242492675783
          ],
          [
            395.3389282226562,
            61.908775329589815
          ],
          [
            404.3472290039063,
            140.43145751953125
          ]
        ]
      },
      {
        "id": 5,
        "center": [
          459.4553574021532,
          308.24796331227674
        ],
        "t": [
          0.010121468967442218,
          0.007735408563649586,
          0.041440739107343416
        ],
        "R": [
          [
            0.9902220466987987,
            0.10110043211402031,
            0.09611972148316424
          ],
          [
            -0.10727379345476812,
            0.9923331956574244,
            0.061377211032657225
          ],
          [
            -0.08917752782773491,
            -0.07108819467873671,
            0.9934756348838413
          ]
        ],
        "corners": [
          [
            423.9913024902343,
            351.85394287109375
          ],
          [
            505.07022094726557,
            345.2459411621093
          ],
          [
            495.0921936035157,
            264.4295349121093
          ],
          [
            414.464111328125,
            271.75579833984375
          ]
        ]
      }
    ]
  },
  {
    "frame": 5,
    "detections": [
      {
        "id": 1,
        "center": [
          235.43425975729872,
          350.5601886236861
        ],
        "t": [
          -0.006167754269385777,
          0.010891583692652291,
          0.04171816375760207
        ],
        "R": [
          [
            0.9894974118389805,
            0.14017803529795486,
            0.03528442126438519
          ],
          [
            -0.14206469460852422,
            0.9881386344661739,
            0.05830661730122952
          ],
          [
            -0.026692592787962717,
            -0.06270691744401599,
            0.9976749711178112
          ]
        ],
        "corners": [
          [
            201.3409881591797,
            395.9733581542969
          ],
          [
            280.1798400878907,
            385.36755371093756
          ],
          [
            269.1680297851562,
            305.6258850097656
          ],
          [
            191.3635101318359,
            316.2777709960937
          ]
        ]
      },
      {
        "id": 2,
        "center": [
          208.07159746897642,
          129.4065969003617
        ],
        "t": [
          -0.008386839373062123,
          -0.005398994428822158,
          0.04282540476981127
        ],
        "R": [
          [
            0.11496510781676617,
            -0.9933688376140508,
            0.0011732186449330342
          ],
          [
            0.9932248872267997,
            0.11492813374859194,
            -0.017200217044469526
          ],
          [
            0.016951323782832872,
            0.0031426947632952036,
            0.9998513770014194
          ]
        ],
        "corners": [
          [
            165.1488494873047,
            95.2050170898438
          ],
          [
            174.2823944091797,
            172.5816650390625
          ],
          [
            250.93840026855466,
            163.56359863281244
          ],
          [
            241.65164184570312,
            86.49878692626953
          ]
        ]
      },
      {
        "id": 4,
        "center": [
          439.62346933078726,
          95.77836814577431
        ],
        "t": [
          0.008750165442043293,
          -0.007729456879247949,
          0.04174199909052148
        ],
        "R": [
          [
            -0.11429242554193397,
            0.9872957232967441,
            0.11038295259550106
          ],
          [
            -0.9933721764361821,
            -0.11494120295789008,
            -0.0004888200449793493
          ],
          [
            0.012204939417500815,
            -0.10970722228983895,
            0.9938890103181859
          ]
        ],
        "corners": [
          [
            484.7254638671875,
            129.95619201660153
          ],
          [
            475.37377929687506,
            50.79500579833984
          ],
          [
            395.17526245117193,
            62.095977783203146
          ],
          [
            404.3872985839844,
            140.11480712890625
          ]
        ]
      },
      {
        "id": 5,
        "center": [
          459.66532670841246,
          308.24901024678144
        ],
        "t": [
          0.010084716039144952,
          0.0077011115997128125,
          0.04125586834834993
        ],
        "R": [
          [
            0.994197688206633,
            0.09866294022773542,
            0.04285534961010491
          ],
          [
            -0.10101280182587685,
            0.9932711003274917,
            0.056647463504556
          ],
          [
            -0.03697797495634543,
            -0.060647716196343404,
            0.9974740517368337
          ]
        ],
        "corners": [
          [
            423.92315673828125,
            352.3081970214844
          ],
          [
            504.6772766113281,
            344.8861694335937
          ],
          [
            495.22021484375,
            264.4206848144531
          ],
          [
            414.65588378906244,
            271.61389160156244
          ]
        ]
      }
    ]
  }
]