[
  {
    "frame": 0,
    "detections": [
      {
        "id": 1,
        "center": [
          380.8918651693107,
          119.43413534941834
        ],
        "t": [
          0.0040789984158372955,
          -0.005486886013670424,
          0.0381978606500939
        ],
        "R": [
          [
            0.9960870645708693,
            -0.08070678791364011,
            0.03601352772573034
          ],
          [
            0.08220892839878063,
            0.9957134335649334,
            -0.042384552726840295
          ],
          [
            -0.032438432238833304,
            0.04517933823101964,
            0.9984520897423641
          ]
        ],
        "corners": [
          [
            333.98797607421875,
            159.47511291503903
          ],
          [
            420.3813781738281,
            166.16954040527347
          ],
          [
            428.2162780761719,
            79.03416442871095
          ],
          [
            341.34655761718744,
            72.63269805908199
          ]
        ]
      }
    ]
  },
  {
    "frame": 1,
    "detections": [
      {
        "id": 0,
        "center": [
          361.2645380135455,
          337.2521504033275
        ],
        "t": [
          0.002785234328002189,
          0.00916709511884756,
          0.03863025204881378
        ],
        "R": [
          [
            -0.07853781669975318,
            -0.9968761072391785,
            -0.00835692309981805
          ],
          [
            0.9969111304408678,
            -0.0785358699334831,
            -0.0005613705570361579
          ],
          [
            -9.670132999453716e-05,
            -0.008375198472356158,
            0.9999649227344934
          ]
        ],
        "corners": [
          [
            321.4057312011718,
            290.57189941406244
          ],
          [
            315.27929687499994,
            376.67950439453125
          ],
          [
            400.34994506835943,
            383.0266418457032
          ],
          [
            407.05831909179693,
            297.98895263671875
          ]
        ]
      },
      {
        "id": 1,
        "center": [
          380.78967265455327,
          119.53775738286141
        ],
        "t": [
          0.004079883735319601,
          -0.005490637407783877,
          0.03825821015112446
        ],
        "R": [
          [
            0.9943079200038079,
            -0.07953600816039991,
            0.07089276143310003
          ],
          [
            0.08265187215821618,
            0.9956865111344425,
            -0.04215494720272121
          ],
          [
            -0.06723413007129284,
            0.047774417325919555,
            0.9965927838403835
          ]
        ],
        "corners": [
          [
            334.132568359375,
            159.4834594726563
          ],
          [
            420.5093688964844,
            166.14991760253898
          ],
          [
            428.2356872558594,
            78.91662597656246
          ],
          [
            341.1805114746094,
            73.05531311035165
          ]
        ]
      }
    ]
  },
  {
    "frame": 2,
    "detections": [
      {
        "id": 1,
        "center": [
          380.68634356548705,
          119.579272379445
        ],
        "t": [
          0.0040793279380110506,
          -0.005497760714436929,
          0.03831503827319419
        ],
        "R": [
          [
            0.9932964956686975,
            -0.07805216749001977,
            0.08526388943975924
          ],
          [
            0.08222828832610984,
            0.9955228751941192,
            -0.0466123756548858
          ],
          [
            -0.08124395541357976,
            0.05331101307744904,
            0.9952674794211916
          ]
        ],
        "corners": [
          [
            334.1679992675781,
            159.42185974121097
          ],
          [
            420.50253295898443,
            165.999755859375
          ],
          [
            428.1933898925781,
            78.88986968994139
          ],
          [
            340.9893798828125,
            73.29779052734374
          ]
        ]
      }
    ]
  },
  {
    "frame": 3,
    "detections": [
      {
        "id": 0,
        "center": [
          360.99530348406626,
          337.0655055494623
        ],
        "t": [
          0.0027836643461513354,
          0.009168860596825831,
          0.03867951484472595
        ],
        "R": [
          [
            -0.07464799426523491,
            -0.9970222340293877,
            0.019347914699662953
          ],
          [
            0.9972016214457855,
            -0.07471259827899424,
            -0.0026370142771025428
          ],
          [
            0.004074694844216335,
            0.019096924083464153,
            0.9998093339994766
          ]
        ],
        "corners": [
          [
            321.379150390625,
            290.75146484375006
          ],
          [
            315.34771728515625,
            376.2142639160156
          ],
          [
            400.38208007812506,
            383.11138916015625
          ],
          [
            407.0368347167969,
            297.5788879394531
          ]
        ]
      },
      {
        "id": 1,
        "center": [
          380.91707006407336,
          119.30098252950673
        ],
        "t": [
          0.004068468768526967,
          -0.005476745990948335,
          0.038086993310896676
        ],
        "R": [
          [
            0.9963531778419967,
            -0.08126462975019921,
            0.026007786444025127
          ],
          [
            0.08131083063084893,
            0.9966885307871597,
            -0.0007220937995119597
          ],
          [
            -0.02586298177465935,
            0.0028341751704771614,
            0.9996614795143538
          ]
        ],
        "corners": [
          [
            333.8909912109375,
            159.47216796875003
          ],
          [
            420.77886962890625,
            166.1767425537109
          ],
          [
            427.90838623046875,
            79.15949249267574
          ],
          [
            341.2970275878906,
            72.7095184326172
          ]
        ]
      }
    ]
  },
  {
    "frame": 4,
    "detections": [
      {
        "id": 1,
        "center": [
          380.91589404481675,
          119.51260265345675
        ],
        "t": [
          0.004085225925577747,
          -0.005484949075668912,
          0.038215407193136916
        ],
        "R": [
          [
            0.9962424735121639,
            -0.0818487196228126,
            0.028314679346080313
          ],
          [
            0.08284767518741137,
            0.995907574591893,
            -0.03611600180715009
          ],
          [
            -0.02524275512709159,
            0.03832610033122476,
            0.9989464016387438
          ]
        ],
        "corners": [
          [
            334.15670776367176,
            159.35395812988278
          ],
          [
            420.43136596679693,
            166.39654541015628
          ],
          [
            428.1112060546875,
            79.29964447021484
          ],
          [
            341.38787841796864,
            72.61377716064449
          ]
        ]
      }
    ]
  },
  {
    "frame": 5,
    "detections": [
      {
        "id": 1,
        "center": [
          380.88167401249495,
          119.60851975293197
        ],
        "t": [
          0.0040796236763587365,
          -0.00547943390046215,
          0.03820024702142049
        ],
        "R": [
          [
            0.9965611072062807,
            -0.07705716035501996,
            0.030465614088881446
          ],
          [
            0.07874904793879375,
            0.9951525900287826,
            -0.05890594204101035
          ],
          [
            -0.0257788101456501,
            0.0611025089257884,
            0.9977985449731066
          ]
        ],
        "corners": [
          [
            334.18600463867193,
            159.54405212402344
          ],
          [
            420.52557373046875,
            166.17935180664062
          ],
          [
            428.21151733398443,
            79.13062286376955
          ],
          [
            340.9586181640625,
            72.70975494384766
          ]
        ]
      }
    ]
  }
]