[
  {
    "frame": 0,
    "detections": [
      {
        "id": 1,
        "center": [
          457.221169050023,
          287.555628264038
        ],
        "t": [
          0.011014059799552042,
          0.006889951980043901,
          0.045801144966819966
        ],
        "R": [
          [
            0.9532456293655922,
            -0.2858780128952306,
            0.09796188972488155
          ],
          [
            0.28479327741445415,
            0.9582581093606884,
            0.025183029682979453
          ],
          [
            -0.10107204972161696,
            0.003893274656978238,
            0.994871490785376
          ]
        ],
        "corners": [
          [
            412.0839233398437,
            311.09625244140625
          ],
          [
            482.3070373535156,
            333.34783935546875
          ],
          [
            503.1653747558594,
            263.5941467285157
          ],
          [
            432.2644958496093,
            241.99925231933602
          ]
        ]
      },
      {
        "id": 2,
        "center": [
          520.2536197944023,
          89.54544566260577
        ],
        "t": [
          0.01584510259237609,
          -0.008857098397177571,
          0.0451923788892496
        ],
        "R": [
          [
            -0.30234113006333313,
            -0.950489272953159,
            0.07183302216252156
          ],
          [
            0.9496585919565512,
            -0.3068512201891672,
            -0.06317347063063591
          ],
          [
            0.08208775667008614,
            0.04911690818235469,
            0.9954140492958088
          ]
        ],
        "corners": [
          [
            496.8522644042969,
            43.16833114624025
          ],
          [
            472.77554321289074,
            113.95777893066408
          ],
          [
            543.5031127929686,
            135.62159729003903
          ],
          [
            568.1318359374998,
            64.92736816406247
          ]
        ]
      }
    ]
  },
  {
    "frame": 1,
    "detections": [
      {
        "id": 1,
        "center": [
          457.15779458421946,
          287.4441199126315
        ],
        "t": [
          0.011000193572409578,
          0.006878403193194437,
          0.045767166389000524
        ],
        "R": [
          [
            0.9545409116450162,
            -0.2848490149985023,
            0.08782190302131117
          ],
          [
            0.2836329368058043,
            0.9585723774849649,
            0.026293616748873365
          ],
          [
            -0.09167336120605696,
            -0.00018914863210521549,
            0.9957891137524947
          ]
        ],
        "corners": [
          [
            411.95318603515625,
            311.16232299804693
          ],
          [
            482.3199768066406,
            333.17303466796875
          ],
          [
            503.01632690429693,
            263.38281249999994
          ],
          [
            432.1547546386719,
            242.00442504882807
          ]
        ]
      },
      {
        "id": 2,
        "center": [
          520.2568637280474,
          89.44721231144877
        ],
        "t": [
          0.01586737728946776,
          -0.008864616077766964,
          0.045261437613675445
        ],
        "R": [
          [
            -0.30294242043196756,
            -0.9492329684541451,
            0.08475058408385279
          ],
          [
            0.9495485262689697,
            -0.3082179370714039,
            -0.057959464523717454
          ],
          [
            0.08113868475178265,
            0.06291641174750112,
            0.9947150541585111
          ]
        ],
        "corners": [
          [
            497.03924560546875,
            43.50020217895509
          ],
          [
            472.5634155273437,
            114.05088806152344
          ],
          [
            543.6221313476564,
            135.68641662597656
          ],
          [
            568.0635986328125,
            64.78509521484375
          ]
        ]
      }
    ]
  },
  {
    "frame": 2,
    "detections": [
      {
        "id": 1,
        "center": [
          457.29922909850274,
          287.19180005396566
        ],
        "t": [
          0.011032177952711358,
          0.006879603701333665,
          0.04586942187534753
        ],
        "R": [
          [
            0.9537876072500131,
            -0.2920541132215489,
            0.07066537487815013
          ],
          [
            0.2878979984338008,
            0.9555590045722626,
            0.06341712133704346
          ],
          [
            -0.08604616641144452,
            -0.04014204443274882,
            0.9954821311880254
          ]
        ],
        "corners": [
          [
            411.9108276367187,
            310.95294189453125
          ],
          [
            482.5426940917969,
            333.05166625976557
          ],
          [
            502.79791259765625,
            263.3729248046875
          ],
          [
            432.40802001953125,
            241.97187805175787
          ]
        ]
      },
      {
        "id": 2,
        "center": [
          520.2652078609552,
          89.54142414863472
        ],
        "t": [
          0.01580013659043357,
          -0.008830870539949536,
          0.04505762480510212
        ],
        "R": [
          [
            -0.3010033709180041,
            -0.9522928726700614,
            0.0503513193253296
          ],
          [
            0.9512313088292996,
            -0.30356682586073686,
            -0.05482863612871363
          ],
          [
            0.06749790958908489,
            0.03139214708553584,
            0.9972254335417161
          ]
        ],
        "corners": [
          [
            496.7220153808595,
            43.05167007446288
          ],
          [
            472.99291992187506,
            114.00894165039064
          ],
          [
            543.6624755859375,
            135.74302673339844
          ],
          [
            567.7905883789062,
            64.94290924072264
          ]
        ]
      }
    ]
  },
  {
    "frame": 3,
    "detections": [
      {
        "id": 1,
        "center": [
          457.1674571049081,
          287.379931239369
        ],
        "t": [
          0.01101624536766996,
          0.006883666766752236,
          0.04583061995945363
        ],
        "R": [
          [
            0.9541676164141719,
            -0.2876783580560343,
            0.08249437612760316
          ],
          [
            0.28543380791955975,
            0.9576417445492945,
            0.03807663841680299
          ],
          [
            -0.08995388309038274,
            -0.012784811409174993,
            0.9958638699712896
          ]
        ],
        "corners": [
          [
            411.9954223632813,
            311.06747436523443
          ],
          [
            482.3035888671875,
            333.16955566406244
          ],
          [
            502.89190673828114,
            263.40270996093744
          ],
          [
            432.2431335449219,
            241.97615051269537
          ]
        ]
      },
      {
        "id": 2,
        "center": [
          519.9914295793499,
          89.32999168627438
        ],
        "t": [
          0.015842372206535563,
          -0.008869802975604957,
          0.045210836740122995
        ],
        "R": [
          [
            -0.29750315132648497,
            -0.9523505351450768,
            0.06723342293603703
          ],
          [
            0.9517979555983352,
            -0.3013622725550207,
            -0.057108952006693636
          ],
          [
            0.07464935813280618,
            0.04700254130745389,
            0.9961015181400946
          ]
        ],
        "corners": [
          [
            496.510498046875,
            43.33124923706053
          ],
          [
            472.9779357910158,
            113.95394897460939
          ],
          [
            543.6180419921876,
            135.61412048339847
          ],
          [
            567.640930175781,
            64.37291717529295
          ]
        ]
      }
    ]
  },
  {
    "frame": 4,
    "detections": [
      {
        "id": 1,
        "center": [
          456.99222362158315,
          287.2479965841464
        ],
        "t": [
          0.0110450247445704,
          0.006901428735464056,
          0.04599170875762626
        ],
        "R": [
          [
            0.9484811387060246,
            -0.28476111491395284,
            0.1389051365208825
          ],
          [
            0.2806769870644262,
            0.9585723301778819,
            0.04857485717716263
          ],
          [
            -0.14698285087505397,
            -0.007084860641423627,
            0.9891136670263602
          ]
        ],
        "corners": [
          [
            411.9356384277343,
            310.802001953125
          ],
          [
            482.33563232421875,
            333.2574768066406
          ],
          [
            503.0312805175782,
            263.1803894042969
          ],
          [
            432.15545654296875,
            242.1582946777344
          ]
        ]
      },
      {
        "id": 2,
        "center": [
          520.2688115139277,
          89.33189281180483
        ],
        "t": [
          0.015838853718404468,
          -0.008861465624657904,
          0.045185485439555216
        ],
        "R": [
          [
            -0.29993229325074194,
            -0.9519143363652485,
            0.06244770362199034
          ],
          [
            0.950468471189611,
            -0.30378938853449505,
            -0.06573958235584723
          ],
          [
            0.0815494006099027,
            0.03963714969755984,
            0.9958808119569423
          ]
        ],
        "corners": [
          [
            496.98629760742193,
            43.12931823730467
          ],
          [
            472.68579101562494,
            114.0185012817383
          ],
          [
            543.5449829101562,
            135.5218811035156
          ],
          [
            567.7627563476564,
            64.69149780273435
          ]
        ]
      }
    ]
  },
  {
    "frame": 5,
    "detections": [
      {
        "id": 1,
        "center": [
          457.10670966908066,
          287.28214709028657
        ],
        "t": [
          0.011028163906860497,
          0.006885543815855597,
          0.045896605135573865
        ],
        "R": [
          [
            0.9526809488703826,
            -0.29269105596550676,
            0.08204240011862303
          ],
          [
            0.2884470527295518,
            0.9556271170895163,
            0.05979223072285003
          ],
          [
            -0.09590259345326854,
            -0.033298030587046175,
            0.9948336211286595
          ]
        ],
        "corners": [
          [
            412.00280761718756,
            310.84661865234375
          ],
          [
            482.2464599609375,
            333.29489135742193
          ],
          [
            502.7176208496094,
            263.4527893066407
          ],
          [
            432.26861572265625,
            241.82151794433588
          ]
        ]
      },
      {
        "id": 2,
        "center": [
          520.3070632401966,
          89.59295163199066
        ],
        "t": [
          0.01585271229537433,
          -0.008867799072806859,
          0.045216608132546965
        ],
        "R": [
          [
            -0.29709660684482164,
            -0.9528920548317666,
            0.06107649334880402
          ],
          [
            0.9506199689870267,
            -0.3011879214333735,
            -0.07488331286573709
          ],
          [
            0.08975121594940781,
            0.035812956051366765,
            0.9953201250926587
          ]
        ],
        "corners": [
          [
            496.65869140625,
            42.97859954833984
          ],
          [
            472.98608398437517,
            114.11468505859376
          ],
          [
            543.4890747070314,
            135.2880401611328
          ],
          [
            567.9827270507811,
            64.88742065429686
          ]
        ]
      }
    ]
  }
]