[
  {
    "frame": 0,
    "detections": [
      {
        "id": 1,
        "center": [
          323.2404389113903,
          326.3529288742881
        ],
        "t": [
          0.00027729024102284266,
          0.010276726792721692,
          0.047007436522376815
        ],
        "R": [
          [
            0.9990036291245524,
            -0.04043991759707738,
            -0.018877554415661867
          ],
          [
            0.044623312154445725,
            0.8983546112742525,
            0.43699857255448143
          ],
          [
            -0.0007134482052532053,
            -0.43740553890757844,
            0.8992640799701884
          ]
        ],
        "corners": [
          [
            285.6672973632813,
            360.81161499023443
          ],
          [
            358.05352783203125,
            364.04418945312506
          ],
          [
            358.746337890625,
            293.7901306152343
          ],
          [
            290.3367919921876,
            290.7289733886719
          ]
        ]
      },
      {
        "id": 2,
        "center": [
          331.3444767728307,
          154.6555252053632
        ],
        "t": [
          0.0010820758432916648,
          -0.004472653880151845,
          0.05449899363121227
        ],
        "R": [
          [
            -0.06181330338835539,
            -0.9977224985998536,
            -0.026998727967869396
          ],
          [
            0.9064118962751029,
            -0.06743974124892227,
            0.41697644488777796
          ],
          [
            -0.4178475676789212,
            0.0013027232792742482,
            0.9085162150984797
          ]
        ],
        "corners": [
          [
            303.14569091796875,
            126.60363769531251
          ],
          [
            298.5146179199218,
            179.7894287109375
          ],
          [
            360.55303955078125,
            183.71192932128903
          ],
          [
            362.4785461425781,
            130.8198852539062
          ]
        ]
      },
      {
        "id": 4,
        "center": [
          514.5964431795574,
          161.96357343343664
        ],
        "t": [
          0.018049541426943382,
          -0.003670149116787962,
          0.0529604836159685
        ],
        "R": [
          [
            0.07292699153011883,
            0.9970635554013297,
            0.023364939478313973
          ],
          [
            -0.8889538458066064,
            0.05436294731950131,
            0.4547589801030668
          ],
          [
            0.45215341857826347,
            -0.05393455709650765,
            0.890308008286342
          ]
        ],
        "corners": [
          [
            549.7828979492188,
            191.09782409667974
          ],
          [
            543.1798095703125,
            137.28094482421875
          ],
          [
            481.1291809082031,
            134.25280761718744
          ],
          [
            484.6944274902344,
            187.7848968505859
          ]
        ]
      },
      {
        "id": 5,
        "center": [
          523.8606171256118,
          326.12126874055076
        ],
        "t": [
          0.016584381716602058,
          0.010114810808047572,
          0.04642083800815114
        ],
        "R": [
          [
            0.9960412678880008,
            -0.08408865871058413,
            -0.028825165052774535
          ],
          [
            0.08804598892710269,
            0.8886189344234461,
            0.4501158664366179
          ],
          [
            -0.012235052019231196,
            -0.4508719184650931,
            0.8925047992261403
          ]
        ],
        "corners": [
          [
            490.21920776367176,
            358.76092529296875
          ],
          [
            563.4093017578125,
            365.6739501953125
          ],
          [
            556.133972167969,
            294.8089294433594
          ],
          [
            486.4063415527343,
            288.6632080078125
          ]
        ]
      }
    ]
  },
  {
    "frame": 1,
    "detections": [
      {
        "id": 1,
        "center": [
          323.1963691689555,
          327.6540916782566
        ],
        "t": [
          0.00027723156706179234,
          0.01044206563708074,
          0.047286004105277
        ],
        "R": [
          [
            0.9990533338616667,
            -0.037461554627485294,
            -0.022114882427468445
          ],
          [
            0.04333434720656981,
            0.9016159224595613,
            0.43036131647671777
          ],
          [
            0.003817126153177669,
            -0.4309122419847051,
            0.9023857652111128
          ]
        ],
        "corners": [
          [
            286.02178955078125,
            361.97027587890625
          ],
          [
            357.9132690429688,
            365.08587646484375
          ],
          [
            358.47348022460943,
            295.08947753906256
          ],
          [
            290.2936096191406,
            292.17831420898443
          ]
        ]
      },
      {
        "id": 2,
        "center": [
          331.2470220216642,
          156.71597953963385
        ],
        "t": [
          0.0010828340693333732,
          -0.004294700760223321,
          0.054754927524786286
        ],
        "R": [
          [
            -0.06047940924841905,
            -0.9975160031346145,
            -0.03611183389564293
          ],
          [
            0.9046734963638794,
            -0.07006616019941686,
            0.42030536300606974
          ],
          [
            -0.4217915433406848,
            -0.007249598971933696,
            0.9066638502118795
          ]
        ],
        "corners": [
          [
            303.20001220703125,
            128.75915527343747
          ],
          [
            298.6534118652344,
            181.59283447265625
          ],
          [
            360.4053955078125,
            185.78059387207034
          ],
          [
            362.2023620605469,
            133.08952331542972
          ]
        ]
      },
      {
        "id": 4,
        "center": [
          513.6832838674753,
          164.06868220289155
        ],
        "t": [
          0.018060036461832088,
          -0.003496305002595659,
          0.053246176346136875
        ],
        "R": [
          [
            0.07306578795589211,
            0.9969752820494706,
            0.026489198039292727
          ],
          [
            -0.8871636793571563,
            0.05283795908950771,
            0.4584198469838852
          ],
          [
            0.45563362108151984,
            -0.056995061730255925,
            0.8883409065660021
          ]
        ],
        "corners": [
          [
            548.6741943359375,
            192.94482421875
          ],
          [
            542.1506958007814,
            139.47044372558597
          ],
          [
            480.312957763672,
            136.52992248535156
          ],
          [
            483.9382019042969,
            189.77093505859375
          ]
        ]
      },
      {
        "id": 5,
        "center": [
          522.8727575823536,
          327.4513880913367
        ],
        "t": [
          0.016603529283583784,
          0.010278201063407674,
          0.04667955141230249
        ],
        "R": [
          [
            0.9962537096548576,
            -0.08272210777098893,
            -0.025211086546589264
          ],
          [
            0.08520814668251725,
            0.8891907147856088,
            0.4495324732185515
          ],
          [
            -0.01476880962926061,
            -0.44999658401479226,
            0.8929081456886552
          ]
        ],
        "corners": [
          [
            489.54205322265636,
            359.9138793945313
          ],
          [
            562.3283081054688,
            366.84832763671864
          ],
          [
            555.0949096679686,
            296.0685729980468
          ],
          [
            485.63858032226557,
            290.27252197265636
          ]
        ]
      }
    ]
  },
  {
    "frame": 2,
    "detections": [
      {
        "id": 1,
        "center": [
          323.11701901581654,
          327.768305226235
        ],
        "t": [
          0.0002711173892077927,
          0.010463816463403604,
          0.04733390431598376
        ],
        "R": [
          [
            0.9990797054107474,
            -0.0387277253555347,
            -0.01843652692780393
          ],
          [
            0.04289084768772755,
            0.8986143110232976,
            0.4366379452232164
          ],
          [
            -0.000342667479518749,
            -0.43702686795311646,
            0.8994483861045545
          ]
        ],
        "corners": [
          [
            285.92517089843756,
            362.01361083984375
          ],
          [
            357.78314208984375,
            365.18762207031256
          ],
          [
            358.3676147460937,
            295.3104553222656
          ],
          [
            290.34692382812494,
            292.3955993652343
          ]
        ]
      },
      {
        "id": 2,
        "center": [
          331.29947190086773,
          157.2771651381649
        ],
        "t": [
          0.0010825869120487785,
          -0.004254155879588239,
          0.05484203093227439
        ],
        "R": [
          [
            -0.0605780301637624,
            -0.9977694213991977,
            -0.028044321745936296
          ],
          [
            0.9041080309741701,
            -0.06675430055741349,
            0.4220574980794673
          ],
          [
            -0.42298814473869983,
            0.00021231533577523165,
            0.906135190980193
          ]
        ],
        "corners": [
          [
            303.1577453613282,
            129.37414550781247
          ],
          [
            298.73703002929693,
            182.21990966796875
          ],
          [
            360.2924499511718,
            186.02421569824222
          ],
          [
            362.2383728027343,
            133.57804870605466
          ]
        ]
      },
      {
        "id": 4,
        "center": [
          513.3454735821881,
          164.5048167505536
        ],
        "t": [
          0.018072832935796854,
          -0.003459589330573622,
          0.05334874240837661
        ],
        "R": [
          [
            0.07150961101668268,
            0.9970813490023294,
            0.026742456954040872
          ],
          [
            -0.8871445278742746,
            0.05132429607969552,
            0.45862882955027384
          ],
          [
            0.45591771428073846,
            -0.05652079355086706,
            0.8882254430612799
          ]
        ],
        "corners": [
          [
            548.451171875,
            193.41574096679688
          ],
          [
            541.7661743164062,
            139.8434906005859
          ],
          [
            480.1338806152343,
            137.15376281738278
          ],
          [
            483.78283691406233,
            190.1570281982422
          ]
        ]
      },
      {
        "id": 5,
        "center": [
          522.878319118858,
          327.61161784644383
        ],
        "t": [
          0.016575489045952737,
          0.010277414922315774,
          0.046621077457876164
        ],
        "R": [
          [
            0.9960996727492459,
            -0.08302828957997638,
            -0.029862101035748254
          ],
          [
            0.087516596696815,
            0.88658153208528,
            0.45421804485062534
          ],
          [
            -0.011237760072749292,
            -0.4550598752853753,
            0.8903899273092695
          ]
        ],
        "corners": [
          [
            489.4812927246093,
            360.10797119140625
          ],
          [
            562.28271484375,
            366.93603515625006
          ],
          [
            554.9655151367189,
            296.38977050781256
          ],
          [
            485.4956970214843,
            290.3048706054687
          ]
        ]
      }
    ]
  },
  {
    "frame": 3,
    "detections": [
      {
        "id": 1,
        "center": [
          323.23042986235873,
          326.842298749778
        ],
        "t": [
          0.0002779852843330585,
          0.010340454310666382,
          0.047111283501850995
        ],
        "R": [
          [
            0.9990903230878808,
            -0.038915450788836195,
            -0.017438864700872254
          ],
          [
            0.042619992911499746,
            0.8974424484417067,
            0.4390678625670275
          ],
          [
            -0.0014361463634922043,
            -0.4394116969595325,
            0.8982846420031717
          ]
        ],
        "corners": [
          [
            285.8103332519531,
            361.2822570800781
          ],
          [
            358.05151367187494,
            364.4200134277343
          ],
          [
            358.5976257324218,
            294.29174804687506
          ],
          [
            290.3624572753906,
            291.37231445312506
          ]
        ]
      },
      {
        "id": 2,
        "center": [
          331.3414855295157,
          155.60656377805685
        ],
        "t": [
          0.0010833828856722791,
          -0.004386481588611683,
          0.0545833441427955
        ],
        "R": [
          [
            -0.05966814881568627,
            -0.9976930625915716,
            -0.032376918839810476
          ],
          [
            0.9049281385613394,
            -0.06775440681032496,
            0.42013617363622746
          ],
          [
            -0.42136062471096947,
            -0.004230037166681994,
            0.9068833060150298
          ]
        ],
        "corners": [
          [
            303.1483154296875,
            127.62590026855474
          ],
          [
            298.5952453613281,
            180.68023681640625
          ],
          [
            360.58801269531244,
            184.63264465332028
          ],
          [
            362.3144836425781,
            131.89065551757812
          ]
        ]
      },
      {
        "id": 4,
        "center": [
          514.1787743492948,
          162.97585167167423
        ],
        "t": [
          0.018070689895226213,
          -0.003588795003591261,
          0.05312424988034846
        ],
        "R": [
          [
            0.07299717091819798,
            0.9969322866729827,
            0.0282387823200127
          ],
          [
            -0.8878955061786766,
            0.05206593566350608,
            0.45708938781292574
          ],
          [
            0.45421688998280446,
            -0.058439320088971694,
            0.8889723633060185
          ]
        ],
        "corners": [
          [
            549.3507690429686,
            191.96150207519534
          ],
          [
            542.7704467773436,
            138.2491455078125
          ],
          [
            480.7969665527343,
            135.4655151367187
          ],
          [
            484.4078369140625,
            188.72241210937497
          ]
        ]
      },
      {
        "id": 5,
        "center": [
          523.5043769333342,
          326.76121401118303
        ],
        "t": [
          0.01660177044806215,
          0.010189781177565083,
          0.046547644222334664
        ],
        "R": [
          [
            0.9961166049934925,
            -0.08375157088670182,
            -0.027154808602689928
          ],
          [
            0.08702510128596247,
            0.8898099030702613,
            0.44795643554285425
          ],
          [
            -0.013354437554870563,
            -0.44857999372698415,
            0.8936429086752112
          ]
        ],
        "corners": [
          [
            490.00012207031244,
            359.2860412597656
          ],
          [
            562.8941040039062,
            366.17330932617176
          ],
          [
            555.8104248046875,
            295.3995666503906
          ],
          [
            486.0990295410155,
            289.33462524414074
          ]
        ]
      }
    ]
  },
  {
    "frame": 4,
    "detections": [
      {
        "id": 1,
        "center": [
          323.18241367789255,
          327.10285199475317
        ],
        "t": [
          0.00027621988526614855,
          0.010376438860141633,
          0.047182378276987735
        ],
        "R": [
          [
            0.9991234976566398,
            -0.038973305222996746,
            -0.015274747472784697
          ],
          [
            0.04173856982198049,
            0.8997944115716779,
            0.43431314589083436
          ],
          [
            -0.0031824863829831296,
            -0.434570015514615,
            0.9006324296826367
          ]
        ],
        "corners": [
          [
            285.88107299804693,
            361.4833679199219
          ],
          [
            357.9742736816406,
            364.67050170898443
          ],
          [
            358.5424194335937,
            294.51165771484375
          ],
          [
            290.339111328125,
            291.6392211914062
          ]
        ]
      },
      {
        "id": 2,
        "center": [
          331.23033365116447,
          155.93211567491966
        ],
        "t": [
          0.0010821520099031938,
          -0.00436480363852189,
          0.054644499858989205
        ],
        "R": [
          [
            -0.05947282155782496,
            -0.9974547833062011,
            -0.039331142311530454
          ],
          [
            0.9057833003023092,
            -0.0704829369787458,
            0.417838208506961
          ],
          [
            -0.41954689414820784,
            -0.010775474673022006,
            0.9076697046592244
          ]
        ],
        "corners": [
          [
            303.07104492187506,
            127.85478973388676
          ],
          [
            298.6822814941406,
            180.79107666015628
          ],
          [
            360.456298828125,
            185.07301330566406
          ],
          [
            362.2948303222656,
            132.20623779296872
          ]
        ]
      },
      {
        "id": 4,
        "center": [
          514.0618725641123,
          163.18915749745895
        ],
        "t": [
          0.018054726240543217,
          -0.0035670630332568162,
          0.05312681393173548
        ],
        "R": [
          [
            0.0725099260393095,
            0.9970557391214628,
            0.024943209711798198
          ],
          [
            -0.8875342749243417,
            0.05309556006472002,
            0.45767212317983386
          ],
          [
            0.45500024336289885,
            -0.05532372534787018,
            0.8887710976136298
          ]
        ],
        "corners": [
          [
            549.1737060546875,
            192.16477966308594
          ],
          [
            542.5138549804686,
            138.5873107910156
          ],
          [
            480.65170288085943,
            135.61781311035153
          ],
          [
            484.2422180175782,
            188.97360229492188
          ]
        ]
      },
      {
        "id": 5,
        "center": [
          523.2997816673569,
          326.91588608887196
        ],
        "t": [
          0.01659087750966578,
          0.010207631479220141,
          0.04655924343874748
        ],
        "R": [
          [
            0.9959920733572223,
            -0.08431326742183215,
            -0.02985067413372077
          ],
          [
            0.08867930682696751,
            0.8874050436545833,
            0.4523806682840196
          ],
          [
            -0.011652053478744484,
            -0.4532146968414221,
            0.8913252314484686
          ]
        ],
        "corners": [
          [
            489.8417968750002,
            359.37445068359375
          ],
          [
            562.7409667968749,
            366.3839416503907
          ],
          [
            555.5113525390624,
            295.66650390624994
          ],
          [
            485.9630737304688,
            289.55374145507795
          ]
        ]
      }
    ]
  },
  {
    "frame": 5,
    "detections": [
      {
        "id": 1,
        "center": [
          323.15983360698505,
          327.60802040918173
        ],
        "t": [
          0.00027601984051485635,
          0.010429691233040156,
          0.04723741605649858
        ],
        "R": [
          [
            0.9990115278274245,
            -0.037006213604616034,
            -0.024627371409977474
          ],
          [
            0.04407041752351404,
            0.8969644010663511,
            0.43990074053016176
          ],
          [
            0.005810814677701115,
            -0.44055124942999657,
            0.897708656000626
          ]
        ],
        "corners": [
          [
            285.9776916503905,
            361.8847351074218
          ],
          [
            357.9949035644531,
            365.1100158691406
          ],
          [
            358.3938903808595,
            295.1271667480468
          ],
          [
            290.2762451171875,
            292.2069091796874
          ]
        ]
      },
      {
        "id": 2,
        "center": [
          331.2878778497415,
          156.93082679930492
        ],
        "t": [
          0.0010813888642964402,
          -0.004277925075988206,
          0.054782800946969565
        ],
        "R": [
          [
            -0.060657887668686405,
            -0.9977775907683075,
            -0.027577164904415696
          ],
          [
            0.903209755351912,
            -0.06662748704404026,
            0.42399636296474985
          ],
          [
            -0.4248914667308733,
            0.0008107593900306687,
            0.9052439362782271
          ]
        ],
        "corners": [
          [
            303.19226074218756,
            129.10520935058597
          ],
          [
            298.64642333984386,
            181.90794372558594
          ],
          [
            360.3800048828125,
            185.74337768554688
          ],
          [
            362.2086486816405,
            133.27037048339844
          ]
        ]
      },
      {
        "id": 4,
        "center": [
          513.5089458083106,
          164.24006711994278
        ],
        "t": [
          0.018062983174342132,
          -0.0034854269235861522,
          0.05328587279719019
        ],
        "R": [
          [
            0.07268942796260552,
            0.9970405330048734,
            0.02502843598442228
          ],
          [
            -0.8865442773132094,
            0.053096797219874356,
            0.45958674315975523
          ],
          [
            0.45689768157178107,
            -0.05559591415156918,
            0.887780154601342
          ]
        ],
        "corners": [
          [
            548.5169067382812,
            193.11746215820318
          ],
          [
            542.0051269531252,
            139.61688232421875
          ],
          [
            480.1815795898438,
            136.74896240234366
          ],
          [
            483.9143676757811,
            189.8123626708984
          ]
        ]
      },
      {
        "id": 5,
        "center": [
          522.9393451265332,
          327.4984458097227
        ],
        "t": [
          0.01658148901678121,
          0.010267238892979426,
          0.04662797247536169
        ],
        "R": [
          [
            0.9960293640919049,
            -0.08437258796695307,
            -0.028403736839265732
          ],
          [
            0.08806413197085611,
            0.8870251578376273,
            0.4532450529496717
          ],
          [
            -0.013046628947554456,
            -0.4539467322967418,
            0.8909333026159786
          ]
        ],
        "corners": [
          [
            489.4803161621093,
            359.9334411621094
          ],
          [
            562.2554321289062,
            366.80380249023443
          ],
          [
            555.1229858398439,
            296.29980468750006
          ],
          [
            485.54901123046886,
            290.1183166503906
          ]
        ]
      }
    ]
  }
]