[
  {
    "frame": 0,
    "detections": [
      {
        "id": 0,
        "center": [
          207.204948490674,
          260.6720741227078
        ],
        "t": [
          -0.00900765352021186,
          0.004730418384491615,
          0.04569426626044973
        ],
        "R": [
          [
            0.34008213602305737,
            -0.940268499725055,
            -0.015468974846074866
          ],
          [
            0.9381145125421739,
            0.3403563258302065,
            -0.06402134663626897
          ],
          [
            0.06546221899503224,
            0.0072608465178822645,
            0.9978286315756278
          ]
        ],
        "corners": [
          [
            160.27976989746097,
            239.24189758300778
          ],
          [
            186.03851318359375,
            306.4505615234375
          ],
          [
            253.95401000976562,
            282.02182006835943
          ],
          [
            228.6396636962891,
            214.31335449218753
          ]
        ]
      },
      {
        "id": 1,
        "center": [
          142.75840984965723,
          84.01319540565724
        ],
        "t": [
          -0.013833080819458492,
          -0.009176328347741791,
          0.044662153181312135
        ],
        "R": [
          [
            0.9438465696838778,
            0.327432663858323,
            -0.04406249578290357
          ],
          [
            -0.3303259493866286,
            0.9327480939812092,
            -0.1444498540540716
          ],
          [
            -0.006198391549312274,
            0.15089348499210425,
            0.988530594432534
          ]
        ],
        "corners": [
          [
            121.95161437988281,
            131.51145935058594
          ],
          [
            191.68585205078125,
            107.52398681640626
          ],
          [
            163.91290283203125,
            35.721199035644545
          ],
          [
            93.74627685546874,
            60.46170806884765
          ]
        ]
      },
      {
        "id": 3,
        "center": [
          392.8839304047503,
          195.978610928479
        ],
        "t": [
          0.0057421163261623265,
          -0.0004398845968161022,
          0.04497671812735899
        ],
        "R": [
          [
            0.2854293877239434,
            -0.9583997041458833,
            -0.00026779958485501076
          ],
          [
            0.9535896932256045,
            0.2840248139768021,
            -0.09998300865317308
          ],
          [
            0.09589974764008793,
            0.0282827180187051,
            0.9949891086157887
          ]
        ],
        "corners": [
          [
            346.82684326171875,
            170.9727630615234
          ],
          [
            367.82714843749994,
            241.06710815429685
          ],
          [
            438.1785583496094,
            220.57049560546875
          ],
          [
            418.33563232421875,
            150.17947387695312
          ]
        ]
      }
    ]
  },
  {
    "frame": 1,
    "detections": [
      {
        "id": 0,
        "center": [
          207.20435440772718,
          260.6927042320138
        ],
        "t": [
          -0.008993303495871961,
          0.004726332307616933,
          0.04563570374021639
        ],
        "R": [
          [
            0.3357308394729218,
            -0.9417475143777996,
            -0.019910363885265778
          ],
          [
            0.9373151328248833,
            0.3360974672432231,
            -0.09208058584827644
          ],
          [
            0.09340848571879466,
            0.012252007016290605,
            0.9955524813488209
          ]
        ],
        "corners": [
          [
            160.14366149902344,
            239.20962524414057
          ],
          [
            186.07075500488284,
            306.1005859375
          ],
          [
            254.07478332519534,
            282.0889282226563
          ],
          [
            228.71492004394528,
            214.474868774414
          ]
        ]
      },
      {
        "id": 1,
        "center": [
          143.07650708704824,
          84.38716694472383
        ],
        "t": [
          -0.013894576521545146,
          -0.009214365159837552,
          0.044879127331982
        ],
        "R": [
          [
            0.9442441663984085,
            0.3202061654944952,
            -0.07662222785776783
          ],
          [
            -0.32886121892268794,
            0.9284938079487932,
            -0.17248057075923826
          ],
          [
            0.01591392193206133,
            0.188061852006356,
            0.9820282515837717
          ]
        ],
        "corners": [
          [
            122.1700439453125,
            131.5362548828125
          ],
          [
            191.08192443847653,
            107.49657440185547
          ],
          [
            164.62902832031247,
            35.78106307983398
          ],
          [
            93.39565277099608,
            60.47121810913085
          ]
        ]
      },
      {
        "id": 3,
        "center": [
          392.88150072915926,
          195.96954486423508
        ],
        "t": [
          0.005739265271342905,
          -0.0004389102457057559,
          0.04493105768527074
        ],
        "R": [
          [
            0.28234055010772674,
            -0.9593138919581475,
            -0.0008188168161792908
          ],
          [
            0.9547886452391658,
            0.2810913075267858,
            -0.09677974868349452
          ],
          [
            0.09307231966177926,
            0.02654305048396654,
            0.9953054856594438
          ]
        ],
        "corners": [
          [
            347.0047912597656,
            170.8654022216797
          ],
          [
            367.63391113281256,
            241.11500549316406
          ],
          [
            438.1543884277343,
            220.7432708740234
          ],
          [
            418.52319335937494,
            150.11938476562497
          ]
        ]
      }
    ]
  },
  {
    "frame": 2,
    "detections": [
      {
        "id": 0,
        "center": [
          207.2601417693081,
          260.5889170076966
        ],
        "t": [
          -0.009010504600386517,
          0.004725662627568208,
          0.045723847825442664
        ],
        "R": [
          [
            0.3385327146643454,
            -0.9406728550900365,
            -0.02302565522949774
          ],
          [
            0.9379014859287086,
            0.3393029006376236,
            -0.07221041691899525
          ],
          [
            0.07573905065888357,
            0.0028497922124035673,
            0.9971236006080877
          ]
        ],
        "corners": [
          [
            160.2410125732422,
            239.14691162109375
          ],
          [
            186.1025543212891,
            306.2668762207032
          ],
          [
            253.93447875976562,
            281.8736877441406
          ],
          [
            228.71160888671872,
            214.27648925781247
          ]
        ]
      },
      {
        "id": 1,
        "center": [
          142.81193578909117,
          83.93507968729391
        ],
        "t": [
          -0.013786447150848691,
          -0.009148867473849446,
          0.04451633725989005
        ],
        "R": [
          [
            0.9424553572071713,
            0.33096253765079126,
            -0.047346576890531095
          ],
          [
            -0.3342720869238655,
            0.9354711436935113,
            -0.11469922066133274
          ],
          [
            0.006330211297115168,
            0.12392553404565965,
            0.9922713290408184
          ]
        ],
        "corners": [
          [
            121.62152099609378,
            131.79974365234375
          ],
          [
            191.79234313964844,
            107.42849731445312
          ],
          [
            164.15621948242185,
            35.72285842895507
          ],
          [
            93.78897094726562,
            60.421249389648445
          ]
        ]
      },
      {
        "id": 3,
        "center": [
          392.7153951231603,
          195.9269698032814
        ],
        "t": [
          0.005757177145706537,
          -0.00044165778823509273,
          0.04513741996882752
        ],
        "R": [
          [
            0.2860768663673793,
            -0.9553357732396645,
            0.07411873513486857
          ],
          [
            0.9556863362388082,
            0.27886296838341645,
            -0.09433489063349323
          ],
          [
            0.06945252519429378,
            0.09782129232923638,
            0.9927775891463174
          ]
        ],
        "corners": [
          [
            347.1404113769531,
            171.18005371093747
          ],
          [
            367.6121520996094,
            240.82989501953125
          ],
          [
            438.4842834472656,
            220.77917480468753
          ],
          [
            418.36499023437494,
            150.04676818847653
          ]
        ]
      }
    ]
  },
  {
    "frame": 3,
    "detections": [
      {
        "id": 0,
        "center": [
          207.14018519017603,
          260.49126625225716
        ],
        "t": [
          -0.009014003741831478,
          0.004713420930015454,
          0.045733979413009246
        ],
        "R": [
          [
            0.3418771127509854,
            -0.9395949982574249,
            -0.01677137521730704
          ],
          [
            0.9373251386131991,
            0.3422224208794324,
            -0.06561554062238305
          ],
          [
            0.06739157440509212,
            0.006712219979279017,
            0.9977040251508223
          ]
        ],
        "corners": [
          [
            160.30770874023435,
            239.3031005859375
          ],
          [
            186.09753417968753,
            306.1014404296875
          ],
          [
            253.9327545166016,
            281.66137695312506
          ],
          [
            228.63801574707028,
            213.89448547363287
          ]
        ]
      },
      {
        "id": 1,
        "center": [
          142.84141386506732,
          84.02894416288856
        ],
        "t": [
          -0.01383489525788359,
          -0.00917191722858992,
          0.044677810253305854
        ],
        "R": [
          [
            0.9432350445291244,
            0.3299043272814019,
            -0.038350822848350806
          ],
          [
            -0.33212594957769354,
            0.9369025839275963,
            -0.10911416886412786
          ],
          [
            -6.625145362001983e-05,
            0.11565761138290853,
            0.9932891384385238
          ]
        ],
        "corners": [
          [
            121.62169647216801,
            131.77035522460938
          ],
          [
            191.50773620605466,
            107.50190734863283
          ],
          [
            164.14993286132807,
            36.087741851806626
          ],
          [
            94.25526428222655,
            60.594650268554666
          ]
        ]
      },
      {
        "id": 3,
        "center": [
          392.6821307034728,
          195.7416529848403
        ],
        "t": [
          0.005762273765397812,
          -0.000455495391384559,
          0.04519529045476497
        ],
        "R": [
          [
            0.2830610090841209,
            -0.9575435002684295,
            0.05465263241568682
          ],
          [
            0.9584902266978556,
            0.28038604413383034,
            -0.051770180409915365
          ],
          [
            0.034248364354703645,
            0.06703813354104383,
            0.9971624432309716
          ]
        ],
        "corners": [
          [
            347.25772094726557,
            171.09364318847656
          ],
          [
            367.5158386230468,
            240.98217773437503
          ],
          [
            438.3694152832031,
            220.53230285644528
          ],
          [
            418.1529846191407,
            149.95362854003903
          ]
        ]
      }
    ]
  },
  {
    "frame": 4,
    "detections": [
      {
        "id": 0,
        "center": [
          207.215124531345,
          260.3290698267491
        ],
        "t": [
          -0.00903760167539169,
          0.004725117419234578,
          0.04584845655427558
        ],
        "R": [
          [
            0.34181922961286293,
            -0.9396623173073092,
            -0.013940720911313403
          ],
          [
            0.9382124750793294,
            0.3420692541963035,
            -0.05240206998872744
          ],
          [
            0.054008942522399225,
            0.004832676923072612,
            0.9985287574032955
          ]
        ],
        "corners": [
          [
            160.46617126464844,
            238.99353027343747
          ],
          [
            186.06282043457028,
            306.1613159179687
          ],
          [
            253.94656372070315,
            281.65661621093756
          ],
          [
            228.47424316406253,
            214.265380859375
          ]
        ]
      },
      {
        "id": 1,
        "center": [
          142.93535148572346,
          84.20106054634039
        ],
        "t": [
          -0.013830483148076722,
          -0.00917167203758607,
          0.044670711175281895
        ],
        "R": [
          [
            0.9442356276513153,
            0.32756840095419665,
            -0.033436838520375316
          ],
          [
            -0.3290770077473696,
            0.9353214011182622,
            -0.1299315188174393
          ],
          [
            -0.011287269198736183,
            0.13368926399109057,
            0.9909590194592084
          ]
        ],
        "corners": [
          [
            121.9451675415039,
            131.6867218017578
          ],
          [
            191.3402862548828,
            107.52479553222655
          ],
          [
            164.3218231201172,
            35.81888580322264
          ],
          [
            94.07923126220705,
            60.659923553466804
          ]
        ]
      },
      {
        "id": 3,
        "center": [
          392.8243050399831,
          195.94472286661403
        ],
        "t": [
          0.005746559441263699,
          -0.0004412497720871696,
          0.04502397779650774
        ],
        "R": [
          [
            0.2839521570891704,
            -0.958612670498665,
            0.020806740345973518
          ],
          [
            0.9550257284663546,
            0.28082321205981753,
            -0.0952059952719144
          ],
          [
            0.08542265771864228,
            0.04690492008120509,
            0.9952401207851598
          ]
        ],
        "corners": [
          [
            346.9422302246094,
            170.92449951171875
          ],
          [
            367.67590332031256,
            240.95442199707028
          ],
          [
            438.2763671875,
            220.73045349121097
          ],
          [
            418.3938598632812,
            150.18125915527347
          ]
        ]
      }
    ]
  },
  {
    "frame": 5,
    "detections": [
      {
        "id": 0,
        "center": [
          207.30219019460452,
          260.53999236254754
        ],
        "t": [
          -0.009036281309832602,
          0.0047379859170915625,
          0.045874441998592294
        ],
        "R": [
          [
            0.3374435334294451,
            -0.940746172113767,
            -0.033593174901250744
          ],
          [
            0.9389999380927396,
            0.3389060155343901,
            -0.05849640071350693
          ],
          [
            0.06641519410859745,
            -0.011804757002942543,
            0.9977222407582277
          ]
        ],
        "corners": [
          [
            160.42837524414065,
            239.14784240722656
          ],
          [
            185.95269775390625,
            306.2515563964844
          ],
          [
            253.83654785156247,
            281.77722167968744
          ],
          [
            228.87316894531256,
            214.3542022705078
          ]
        ]
      },
      {
        "id": 1,
        "center": [
          143.06700810508758,
          84.0628046756558
        ],
        "t": [
          -0.013850618423565159,
          -0.009203427023617811,
          0.04475888751961533
        ],
        "R": [
          [
            0.9421932736130797,
            0.32974092985902304,
            -0.05952104110292158
          ],
          [
            -0.33481875969375496,
            0.9333899585854895,
            -0.1291494613574274
          ],
          [
            0.012970478611231122,
            0.14161251493948163,
            0.9898371897929026
          ]
        ],
        "corners": [
          [
            122.05535125732423,
            131.51864624023438
          ],
          [
            191.53295898437497,
            107.18997955322264
          ],
          [
            164.45361328125,
            35.760124206542955
          ],
          [
            93.75906372070315,
            60.53384399414063
          ]
        ]
      },
      {
        "id": 3,
        "center": [
          392.8493590435619,
          195.90037817268916
        ],
        "t": [
          0.005748741586707462,
          -0.0004442229588932249,
          0.045033991431377415
        ],
        "R": [
          [
            0.2858506689791041,
            -0.9581062735182347,
            0.017937772693404977
          ],
          [
            0.9532795126496161,
            0.28240226115032535,
            -0.10727130865097859
          ],
          [
            0.09771164621839534,
            0.04776328655133484,
            0.9940679567570349
          ]
        ],
        "corners": [
          [
            346.9114074707031,
            170.9952392578125
          ],
          [
            367.72460937500006,
            240.86444091796878
          ],
          [
            438.26171875,
            220.52056884765628
          ],
          [
            418.4116516113281,
            150.15327453613284
          ]
        ]
      }
    ]
  }
]