[
  {
    "frame": 0,
    "detections": []
  },
  {
    "frame": 1,
    "detections": [
      {
        "id": 1,
        "center": [
          465.62766989907124,
          148.89433762567853
        ],
        "t": [
          0.003790419603058149,
          -0.0013597571579993413,
          0.014819249486493966
        ],
        "R": [
          [
            0.9894356495716192,
            -0.09346554507529475,
            0.11082096931792897
          ],
          [
            0.11453403427342068,
            0.9726028043267775,
            -0.20230111222814076
          ],
          [
            -0.08887660181308793,
            0.21285670508458493,
            0.9730328734172817
          ]
        ],
        "corners": [
          [
            343.13269042968744,
            242.8733367919922
          ],
          [
            559.71044921875,
            269.0646057128906
          ],
          [
            604.03955078125,
            42.70378112792967
          ],
          [
            367.81066894531244,
            23.954414367675806
          ]
        ]
      }
    ]
  },
  {
    "frame": 2,
    "detections": []
  },
  {
    "frame": 3,
    "detections": [
      {
        "id": 1,
        "center": [
          465.66228997436974,
          149.06412221296554
        ],
        "t": [
          0.0037866902921729955,
          -0.001351508393848569,
          0.014806840744692528
        ],
        "R": [
          [
            0.9892138367450691,
            -0.09457750446541885,
            0.11185294292594367
          ],
          [
            0.11603041578571338,
            0.9720136061656504,
            -0.20427063431007808
          ],
          [
            -0.08940317558507185,
            0.2150456813747741,
            0.9725031758906312
          ]
        ],
        "corners": [
          [
            342.6062927246094,
            242.93807983398438
          ],
          [
            559.7265625,
            269.2890319824219
          ],
          [
            604.5088500976562,
            43.14424514770509
          ],
          [
            367.9359436035157,
            24.158662796020565
          ]
        ]
      }
    ]
  },
  {
    "frame": 4,
    "detections": [
      {
        "id": 1,
        "center": [
          465.24980635204105,
          149.49125726403585
        ],
        "t": [
          0.0037811923443346208,
          -0.0013491338995366812,
          0.014827717431183454
        ],
        "R": [
          [
            0.9878067412398966,
            -0.09449712297278978,
            0.12372605105991402
          ],
          [
            0.11886345452632074,
            0.9710166182502952,
            -0.20736008839655934
          ],
          [
            -0.1005451199168029,
            0.21953819902610364,
            0.9704090158429541
          ]
        ],
        "corners": [
          [
            343.1083679199218,
            242.41891479492185
          ],
          [
            559.1845092773438,
            269.9048767089844
          ],
          [
            604.3937377929688,
            43.6277618408203
          ],
          [
            367.3583068847656,
            24.005474090576193
          ]
        ]
      }
    ]
  },
  {
    "frame": 5,
    "detections": [
      {
        "id": 1,
        "center": [
          465.85988274654994,
          148.56068578014057
        ],
        "t": [
          0.0037984273362640696,
          -0.001367795326173546,
          0.01483964531899315
        ],
        "R": [
          [
            0.9890089297570914,
            -0.09615181583778121,
            0.11232170392150496
          ],
          [
            0.11613693745793391,
            0.9753417948321702,
            -0.1876715082569873
          ],
          [
            -0.09150709600148382,
            0.19865349623064252,
            0.9757885220767445
          ]
        ],
        "corners": [
          [
            342.8954467773437,
            242.72982788085943
          ],
          [
            560.3623657226564,
            269.0815734863281
          ],
          [
            603.6148681640626,
            43.06458282470699
          ],
          [
            368.27374267578125,
            24.10714912414554
          ]
        ]
      }
    ]
  }
]