[
  {
    "frame": 0,
    "detections": [
      {
        "id": 0,
        "center": [
          327.8415434521276,
          324.81878822035833
        ],
        "t": [
          0.0005918220155298229,
          0.008978654403491031,
          0.041609459953881496
        ],
        "R": [
          [
            -0.04205028999068694,
            -0.9990839939094203,
            0.007933865747620884
          ],
          [
            0.9985422221909945,
            -0.042293801695376276,
            -0.03353602302036194
          ],
          [
            0.033840857163629064,
            0.006512100441053794,
            0.9994060180598656
          ]
        ],
        "corners": [
          [
            289.91146850585943,
            283.7171630859375
          ],
          [
            286.6162719726562,
            362.3793640136719
          ],
          [
            365.8151550292969,
            365.9675903320313
          ],
          [
            369.7099914550782,
            286.6722106933594
          ]
        ]
      },
      {
        "id": 1,
        "center": [
          339.3534700205905,
          120.8038357161324
        ],
        "t": [
          0.0013789414278069607,
          -0.005715551827020939,
          0.04044778782738636
        ],
        "R": [
          [
            0.9986063685130012,
            -0.04398448081487159,
            -0.029166525551084743
          ],
          [
            0.03951544832063161,
            0.9894707466831624,
            -0.1392342299949432
          ],
          [
            0.034983569133171355,
            0.13788766045484796,
            0.9898298555736704
          ]
        ],
        "corners": [
          [
            296.7409973144531,
            159.96987915039062
          ],
          [
            377.7788391113281,
            163.33529663085938
          ],
          [
            382.5670471191406,
            81.08530426025392
          ],
          [
            299.94027709960943,
            77.17899322509766
          ]
        ]
      },
      {
        "id": 3,
        "center": [
          547.9444257112251,
          337.85439691842834
        ],
        "t": [
          0.016135891263058286,
          0.009627766823599757,
          0.0404315261272046
        ],
        "R": [
          [
            -0.09341318886703975,
            -0.9939746877394089,
            0.05734366816864341
          ],
          [
            0.9929402926873876,
            -0.09723512410676716,
            -0.06793309795546504
          ],
          [
            0.07309959851856934,
            0.05059299134550427,
            0.9960405603805187
          ]
        ],
        "corners": [
          [
            510.92611694335943,
            292.7864379882813
          ],
          [
            502.01507568359386,
            372.87133789062506
          ],
          [
            584.029052734375,
            381.78564453125
          ],
          [
            595.055908203125,
            301.9361877441406
          ]
        ]
      },
      {
        "id": 5,
        "center": [
          580.2173543506906,
          117.52269016827582
        ],
        "t": [
          0.01794621351329817,
          -0.005788587397498032,
          0.03940135011970647
        ],
        "R": [
          [
            0.9957863794745849,
            -0.07573010754464027,
            0.05171496170524925
          ],
          [
            0.0808026022696112,
            0.9912575703075927,
            -0.10430421263950651
          ],
          [
            -0.04336387804794671,
            0.10804341775029883,
            0.9931999768231357
          ]
        ],
        "corners": [
          [
            532.4487915039062,
            156.52679443359378
          ],
          [
            617.430908203125,
            162.63929748535153
          ],
          [
            628.4635620117188,
            78.12857818603511
          ],
          [
            542.5095825195312,
            71.80690765380861
          ]
        ]
      }
    ]
  },
  {
    "frame": 1,
    "detections": [
      {
        "id": 0,
        "center": [
          327.74327580926564,
          324.6783287539804
        ],
        "t": [
          0.0005847111119991658,
          0.008958792098081442,
          0.04153911159913643
        ],
        "R": [
          [
            -0.03868166831220454,
            -0.9991912833426995,
            0.010977605775127384
          ],
          [
            0.998543673328391,
            -0.03906538173583479,
            -0.03720790783795089
          ],
          [
            0.03760666154324989,
            0.009522354845467974,
            0.9992472485655232
          ]
        ],
        "corners": [
          [
            289.6559143066406,
            283.8036804199219
          ],
          [
            286.4644470214844,
            362.36874389648443
          ],
          [
            366.0501403808594,
            365.7885437011719
          ],
          [
            369.5812377929688,
            286.4773864746094
          ]
        ]
      },
      {
        "id": 1,
        "center": [
          339.3306362417106,
          120.43571387823648
        ],
        "t": [
          0.001372100410851274,
          -0.005724237732154174,
          0.040339869992189054
        ],
        "R": [
          [
            0.9989045673077426,
            -0.04677822665172593,
            0.0012095135595581602
          ],
          [
            0.04677165558687241,
            0.9973007769824525,
            -0.05660011010465712
          ],
          [
            0.0014414039662701168,
            0.05659467944529841,
            0.9983961962132517
          ]
        ],
        "corners": [
          [
            296.32833862304676,
            159.8743896484375
          ],
          [
            378.003662109375,
            163.37499999999994
          ],
          [
            382.53997802734375,
            80.80715179443358
          ],
          [
            300.3280334472655,
            77.13049316406256
          ]
        ]
      },
      {
        "id": 3,
        "center": [
          547.8927365033319,
          337.97006934087284
        ],
        "t": [
          0.016106789002533636,
          0.009615446586652424,
          0.040365313604095135
        ],
        "R": [
          [
            -0.0933846498944158,
            -0.993872077261394,
            0.059140520831476584
          ],
          [
            0.993032950149656,
            -0.09726423125350098,
            -0.06652239649723996
          ],
          [
            0.07186700968572321,
            0.05251631516763611,
            0.9960307071371072
          ]
        ],
        "corners": [
          [
            510.7205505371093,
            292.71969604492176
          ],
          [
            501.98477172851574,
            372.9760437011718
          ],
          [
            584.0333251953125,
            381.9646606445313
          ],
          [
            595.1590576171874,
            301.9283142089844
          ]
        ]
      },
      {
        "id": 5,
        "center": [
          580.3006470031829,
          117.40117242835385
        ],
        "t": [
          0.01790327373454278,
          -0.005785940916773599,
          0.03929459306746608
        ],
        "R": [
          [
            0.9958553964265693,
            -0.07715298993989936,
            0.048160622415142115
          ],
          [
            0.08107841612836003,
            0.9930148110219668,
            -0.08571974993619436
          ],
          [
            -0.04121067636179476,
            0.08926926253947096,
            0.9951546005116303
          ]
        ],
        "corners": [
          [
            532.7437744140626,
            156.43528747558594
          ],
          [
            617.8677978515625,
            162.60694885253903
          ],
          [
            628.3199462890624,
            77.9875030517578
          ],
          [
            542.1900634765625,
            71.54146575927736
          ]
        ]
      }
    ]
  },
  {
    "frame": 2,
    "detections": [
      {
        "id": 0,
        "center": [
          327.8988757259805,
          324.8941216014098
        ],
        "t": [
          0.0005866312349535242,
          0.008944636022717929,
          0.04145468709553547
        ],
        "R": [
          [
            -0.043160446382251,
            -0.9990110708018515,
            0.010679713639506795
          ],
          [
            0.9977411099731136,
            -0.04365143711518707,
            -0.051061037077189536
          ],
          [
            0.05147672617507932,
            0.008451772187884317,
            0.9986384301683868
          ]
        ],
        "corners": [
          [
            289.6274108886718,
            283.39764404296875
          ],
          [
            286.61965942382807,
            362.2734985351562
          ],
          [
            365.7794189453125,
            365.96673583984375
          ],
          [
            369.89169311523443,
            286.8685607910157
          ]
        ]
      },
      {
        "id": 1,
        "center": [
          339.17591722516926,
          120.78918995437398
        ],
        "t": [
          0.0013694876645072558,
          -0.0057267662795089675,
          0.04051740096972322
        ],
        "R": [
          [
            0.998739912635067,
            -0.042121783616295844,
            0.02728263650532125
          ],
          [
            0.04508768516575959,
            0.9918435065238195,
            -0.11922063249676376
          ],
          [
            -0.022038320174025967,
            0.12030051500935904,
            0.9924928707715689
          ]
        ],
        "corners": [
          [
            296.7590637207031,
            159.8675537109375
          ],
          [
            377.9230041503906,
            163.3438720703125
          ],
          [
            382.46798706054693,
            80.90449523925784
          ],
          [
            299.86767578124994,
            77.61820983886717
          ]
        ]
      },
      {
        "id": 3,
        "center": [
          547.8871807484697,
          337.80674824598964
        ],
        "t": [
          0.016099812483912145,
          0.009604826599109427,
          0.04033978884517166
        ],
        "R": [
          [
            -0.08899211903052107,
            -0.9945902715158328,
            0.053577929752085904
          ],
          [
            0.9922254075767443,
            -0.09322216727974592,
            -0.08245221699160483
          ],
          [
            0.08700082361461406,
            0.045823785676534314,
            0.9951537757335043
          ]
        ],
        "corners": [
          [
            510.93331909179676,
            293.0610656738281
          ],
          [
            501.9328308105468,
            372.90554809570307
          ],
          [
            583.9718017578125,
            381.4999084472656
          ],
          [
            595.1851806640625,
            301.6817016601563
          ]
        ]
      },
      {
        "id": 5,
        "center": [
          580.045282881704,
          117.54143065243665
        ],
        "t": [
          0.01785132927073474,
          -0.005764864487351136,
          0.03921281115402521
        ],
        "R": [
          [
            0.9959040240111013,
            -0.07786747276193501,
            0.04595466944897766
          ],
          [
            0.08199117163819324,
            0.9920005856990424,
            -0.09598065297836517
          ],
          [
            -0.03811328812752614,
            0.09935539571873454,
            0.9943218204433019
          ]
        ],
        "corners": [
          [
            532.3200073242188,
            156.5545654296875
          ],
          [
            617.395751953125,
            162.9156494140625
          ],
          [
            628.4032592773439,
            78.01109313964845
          ],
          [
            542.1307983398439,
            71.48203277587889
          ]
        ]
      }
    ]
  },
  {
    "frame": 3,
    "detections": [
      {
        "id": 0,
        "center": [
          327.92213098621846,
          324.7477986366953
        ],
        "t": [
          0.0005894729363928241,
          0.008972733111793384,
          0.04157161827068471
        ],
        "R": [
          [
            -0.044383903199942565,
            -0.998932956951985,
            -0.01276779745693123
          ],
          [
            0.9985863512409872,
            -0.043987103238915026,
            -0.029840138469205805
          ],
          [
            0.02924667933202886,
            -0.01407417009319102,
            0.9994731359492548
          ]
        ],
        "corners": [
          [
            289.89508056640625,
            283.64062499999994
          ],
          [
            286.2922668457032,
            362.6257019042969
          ],
          [
            365.91943359375,
            365.8228149414063
          ],
          [
            369.61514282226557,
            286.81243896484375
          ]
        ]
      },
      {
        "id": 1,
        "center": [
          339.2634389824548,
          120.69810434276062
        ],
        "t": [
          0.0013726086737380807,
          -0.005719674920248626,
          0.04042223591787506
        ],
        "R": [
          [
            0.9989700249041836,
            -0.041402470520750356,
            0.01856676540795646
          ],
          [
            0.0436151528229104,
            0.9890115349393338,
            -0.14125828188526382
          ],
          [
            -0.012514303303415068,
            0.1419225816835393,
            0.9897986527678795
          ]
        ],
        "corners": [
          [
            296.9409484863282,
            159.81849670410156
          ],
          [
            378.04129028320307,
            163.42027282714844
          ],
          [
            382.5369567871093,
            80.69863891601565
          ],
          [
            299.75,
            77.16552734374999
          ]
        ]
      },
      {
        "id": 3,
        "center": [
          547.8474529633537,
          337.7870999403006
        ],
        "t": [
          0.016058624035036308,
          0.009585626418706791,
          0.04024810419246762
        ],
        "R": [
          [
            -0.0913506919726017,
            -0.9945906886213793,
            0.04944100710722277
          ],
          [
            0.991826993412558,
            -0.09531329393675031,
            -0.08482093572422189
          ],
          [
            0.08907449811440335,
            0.04128847425827438,
            0.9951688277267787
          ]
        ],
        "corners": [
          [
            511.0308227539063,
            292.97183227539057
          ],
          [
            501.6224060058594,
            372.9570617675781
          ],
          [
            583.837890625,
            381.59667968750006
          ],
          [
            595.2255249023438,
            301.7398681640625
          ]
        ]
      },
      {
        "id": 5,
        "center": [
          580.1174459455301,
          117.3175639108558
        ],
        "t": [
          0.01793713076412709,
          -0.0057976978137752565,
          0.039374211888032494
        ],
        "R": [
          [
            0.9956368616657445,
            -0.0793714122039163,
            0.04906545237887405
          ],
          [
            0.0835940812586295,
            0.9923333573438884,
            -0.09103042063581014
          ],
          [
            -0.04146407204934398,
            0.09473482373110165,
            0.9946386499134868
          ]
        ],
        "corners": [
          [
            532.6004638671876,
            156.13261413574216
          ],
          [
            617.5436401367186,
            162.7913513183594
          ],
          [
            628.3254394531248,
            77.93804931640628
          ],
          [
            542.5256347656249,
            71.64254760742185
          ]
        ]
      }
    ]
  },
  {
    "frame": 4,
    "detections": [
      {
        "id": 0,
        "center": [
          328.10145590821764,
          324.7216718865232
        ],
        "t": [
          0.0005876505604630756,
          0.008969791540425692,
          0.04160699378856963
        ],
        "R": [
          [
            -0.043398138652806784,
            -0.9987784567162254,
            -0.023626171103793593
          ],
          [
            0.9985124116249644,
            -0.042580977173489465,
            -0.03405619200451155
          ],
          [
            0.03300856543942992,
            -0.025069000428911425,
            0.9991406206461262
          ]
        ],
        "corners": [
          [
            289.6227416992187,
            283.2528686523437
          ],
          [
            286.6292724609375,
            362.695068359375
          ],
          [
            365.8436279296875,
            365.3966979980469
          ],
          [
            369.3763122558593,
            286.92895507812494
          ]
        ]
      },
      {
        "id": 1,
        "center": [
          339.1563661365352,
          120.64840536921706
        ],
        "t": [
          0.0013665981276202066,
          -0.005732438109185576,
          0.04048685706942044
        ],
        "R": [
          [
            0.9989980730996104,
            -0.04413945134347308,
            0.007386391430359957
          ],
          [
            0.04461939716974944,
            0.9951051353083671,
            -0.08817527476069473
          ],
          [
            -0.00345822779375185,
            0.08841650591384523,
            0.9960775884149354
          ]
        ],
        "corners": [
          [
            296.545654296875,
            159.80908203125
          ],
          [
            377.86605834960943,
            163.32678222656253
          ],
          [
            382.31982421874994,
            80.979736328125
          ],
          [
            299.9471130371093,
            77.41925048828125
          ]
        ]
      },
      {
        "id": 3,
        "center": [
          547.8337594605645,
          337.7923896762375
        ],
        "t": [
          0.016079305435006287,
          0.00959933049322792,
          0.04028930537307053
        ],
        "R": [
          [
            -0.0901082651753678,
            -0.9946336281208162,
            0.05083745035215807
          ],
          [
            0.9929359418091652,
            -0.09367648376906917,
            -0.07282123215250817
          ],
          [
            0.07719271993285223,
            0.043916536747401515,
            0.9960485037333686
          ]
        ],
        "corners": [
          [
            510.92327880859375,
            293.0836486816406
          ],
          [
            501.86090087890614,
            373.1339416503906
          ],
          [
            584.2079467773439,
            381.8515319824219
          ],
          [
            594.9729003906252,
            301.5542602539062
          ]
        ]
      },
      {
        "id": 5,
        "center": [
          579.9677224483652,
          117.35143064008011
        ],
        "t": [
          0.0179315100819101,
          -0.005790624439998766,
          0.03938016457628819
        ],
        "R": [
          [
            0.995082686768546,
            -0.07816802147736318,
            0.060829326083774185
          ],
          [
            0.08450815397343903,
            0.9903557602860255,
            -0.10978998123822284
          ],
          [
            -0.05166060786995405,
            0.11439068356558715,
            0.9920917059969327
          ]
        ],
        "corners": [
          [
            532.0154418945312,
            156.20599365234375
          ],
          [
            617.2801513671875,
            162.91761779785156
          ],
          [
            628.742919921875,
            77.830078125
          ],
          [
            542.6460571289062,
            71.77396392822266
          ]
        ]
      }
    ]
  },
  {
    "frame": 5,
    "detections": [
      {
        "id": 0,
        "center": [
          327.9589586273183,
          324.52644097469744
        ],
        "t": [
          0.0005933700706088798,
          0.008975081651546998,
          0.04162225347851186
        ],
        "R": [
          [
            -0.04277031075611942,
            -0.9990649591022014,
            -0.0063172788399438115
          ],
          [
            0.9989752848880868,
            -0.04267108614595255,
            -0.01508504523991988
          ],
          [
            0.014801374956088168,
            -0.006955997501531844,
            0.99986625775559
          ]
        ],
        "corners": [
          [
            289.97677612304693,
            283.6497802734376
          ],
          [
            286.17822265625006,
            362.50738525390625
          ],
          [
            366.2472839355469,
            365.73257446289057
          ],
          [
            369.5654907226562,
            286.703857421875
          ]
        ]
      },
      {
        "id": 1,
        "center": [
          339.3185586464964,
          120.62216053142072
        ],
        "t": [
          0.0013753410918805613,
          -0.0057209787852777,
          0.040394070711239426
        ],
        "R": [
          [
            0.9991125948570119,
            -0.04176898383253436,
            0.005419851260493939
          ],
          [
            0.04206558720195597,
            0.9960337494852164,
            -0.0784044403065062
          ],
          [
            -0.0021234809730805854,
            0.07856285302876505,
            0.9969069008450777
          ]
        ],
        "corners": [
          [
            296.7383117675782,
            159.98278808593747
          ],
          [
            378.2546081542968,
            163.36898803710938
          ],
          [
            382.3908081054687,
            80.80673217773439
          ],
          [
            299.9420471191406,
            77.39176177978513
          ]
        ]
      },
      {
        "id": 3,
        "center": [
          548.0386033321981,
          337.65834629543485
        ],
        "t": [
          0.016179494299144163,
          0.009649413374308313,
          0.040537396154012875
        ],
        "R": [
          [
            -0.0968543489410087,
            -0.9936621648101265,
            0.05705030513560963
          ],
          [
            0.9935721573463969,
            -0.09990201476279126,
            -0.05323490952712866
          ],
          [
            0.05859695587007731,
            0.05152756224767432,
            0.9969510053616338
          ]
        ],
        "corners": [
          [
            511.1265869140625,
            292.6120605468749
          ],
          [
            502.0037231445313,
            372.8302001953125
          ],
          [
            584.278076171875,
            381.8838806152345
          ],
          [
            594.6801147460938,
            302.0230102539063
          ]
        ]
      },
      {
        "id": 5,
        "center": [
          580.1046314836552,
          117.62615403407611
        ],
        "t": [
          0.017898245928637063,
          -0.005776446175329424,
          0.03930262764676837
        ],
        "R": [
          [
            0.9953301711396906,
            -0.07904467991010487,
            0.055405676576900355
          ],
          [
            0.08440276426886628,
            0.9911791211449698,
            -0.10217692102456322
          ],
          [
            -0.046840407799347866,
            0.10637616454918229,
            0.9932220737644709
          ]
        ],
        "corners": [
          [
            532.3240356445314,
            156.37844848632812
          ],
          [
            617.3094482421875,
            162.92741394042966
          ],
          [
            628.8186645507812,
            78.1167984008789
          ],
          [
            542.2730712890625,
            71.56175994873047
          ]
        ]
      }
    ]
  }
]