[
  {
    "frame": 0,
    "detections": [
      {
        "id": 0,
        "center": [
          202.43764032208978,
          263.3574967875486
        ],
        "t": [
          -0.009041542103411024,
          0.004767911505397067,
          0.04398846655489143
        ],
        "R": [
          [
            0.34315876128658024,
            -0.939127539278255,
            -0.016778841480529272
          ],
          [
            0.9384196019379072,
            0.34355393752494073,
            -0.036597031434380395
          ],
          [
            0.04013371713360126,
            -0.0031870017693494956,
            0.9991892352146126
          ]
        ],
        "corners": [
          [
            153.6755523681641,
            241.08811950683597
          ],
          [
            180.30795288085938,
            311.38317871093756
          ],
          [
            251.1048126220703,
            285.5835266113281
          ],
          [
            224.57527160644537,
            215.31457519531253
          ]
        ]
      },
      {
        "id": 1,
        "center": [
          136.16757612145474,
          80.74455334911266
        ],
        "t": [
          -0.013769579739513697,
          -0.009057533901749914,
          0.0428228093018063
        ],
        "R": [
          [
            0.9416010107953955,
            0.33615066281558936,
            -0.019755210900634534
          ],
          [
            -0.3365958751065898,
            0.9379431512230499,
            -0.08346173934805838
          ],
          [
            -0.00952645423637468,
            0.08523718063388795,
            0.9963151457783166
          ]
        ],
        "corners": [
          [
            114.08217620849607,
            130.3966064453125
          ],
          [
            186.31028747558594,
            104.48556518554686
          ],
          [
            158.6202087402344,
            30.266893386840817
          ],
          [
            85.54194641113281,
            56.774894714355476
          ]
        ]
      },
      {
        "id": 3,
        "center": [
          395.2744224496637,
          196.1750064678996
        ],
        "t": [
          0.005691823606320747,
          -0.00039888704869293136,
          0.04312491135545631
        ],
        "R": [
          [
            0.2874283377643125,
            -0.9577952215537158,
            0.0036420075387782608
          ],
          [
            0.9538251739969656,
            0.2858866605686179,
            -0.09212141313821624
          ],
          [
            0.0871922479335322,
            0.029952143125190435,
            0.9957411214881635
          ]
        ],
        "corners": [
          [
            347.53021240234375,
            170.56707763671875
          ],
          [
            368.9241333007813,
            243.5276184082031
          ],
          [
            442.7047424316406,
            221.61457824707034
          ],
          [
            421.9208068847655,
            148.29029846191412
          ]
        ]
      }
    ]
  },
  {
    "frame": 1,
    "detections": [
      {
        "id": 0,
        "center": [
          202.5870383012089,
          263.27260697287113
        ],
        "t": [
          -0.00903533155080851,
          0.0047609518265097185,
          0.044007475405272
        ],
        "R": [
          [
            0.34052296913505053,
            -0.9400176278734036,
            -0.02027231557342122
          ],
          [
            0.93876749936495,
            0.3411166654097145,
            -0.04852837021614529
          ],
          [
            0.0525327481436821,
            -0.002505966283911018,
            0.9986160576044512
          ]
        ],
        "corners": [
          [
            153.77484130859378,
            240.91850280761722
          ],
          [
            180.46685791015622,
            311.11083984375
          ],
          [
            251.1210174560547,
            285.4992980957031
          ],
          [
            224.78984069824224,
            215.25569152832034
          ]
        ]
      },
      {
        "id": 1,
        "center": [
          136.18329703285153,
          80.86618857525268
        ],
        "t": [
          -0.013754121832200419,
          -0.009044365354113137,
          0.042790803123109296
        ],
        "R": [
          [
            0.9421215039759365,
            0.3350731270750983,
            -0.011535651617253524
          ],
          [
            -0.33465774475187515,
            0.9377584653131331,
            -0.09280762151432696
          ],
          [
            -0.020279685000225076,
            0.09129655111598059,
            0.9956172327408856
          ]
        ],
        "corners": [
          [
            114.27331542968753,
            130.42953491210938
          ],
          [
            186.3825225830078,
            104.66680908203122
          ],
          [
            158.59913635253906,
            30.158523559570302
          ],
          [
            85.65695953369143,
            56.910476684570334
          ]
        ]
      },
      {
        "id": 3,
        "center": [
          395.1492315784168,
          196.10660896303338
        ],
        "t": [
          0.005698806306002767,
          -0.0004057908222396776,
          0.04324161054402747
        ],
        "R": [
          [
            0.28479840892266783,
            -0.9584709388573422,
            0.014944083814075956
          ],
          [
            0.9555702224558731,
            0.2826315472705576,
            -0.08369562977290795
          ],
          [
            0.0759961593157824,
            0.03811650368772061,
            0.9963793032354065
          ]
        ],
        "corners": [
          [
            347.62103271484375,
            170.42596435546875
          ],
          [
            368.765655517578,
            243.29229736328125
          ],
          [
            442.51721191406244,
            221.70068359374994
          ],
          [
            421.84536743164074,
            148.36192321777338
          ]
        ]
      }
    ]
  },
  {
    "frame": 2,
    "detections": [
      {
        "id": 0,
        "center": [
          203.37542458261495,
          262.7669338133105
        ],
        "t": [
          -0.009042614468767802,
          0.004754491712358247,
          0.044326256722818036
        ],
        "R": [
          [
            0.34132138781048593,
            -0.9395842047502787,
            -0.02610042924760649
          ],
          [
            0.9385175934630197,
            0.3422016621632796,
            -0.045637146855059874
          ],
          [
            0.05181155260658915,
            -0.008918777745535449,
            0.998617052938723
          ]
        ],
        "corners": [
          [
            154.80213928222653,
            240.5669555664061
          ],
          [
            181.4293060302734,
            310.3785705566407
          ],
          [
            251.47744750976562,
            284.75152587890636
          ],
          [
            225.38824462890625,
            215.01058959960935
          ]
        ]
      },
      {
        "id": 1,
        "center": [
          137.32968865387733,
          81.46362641183336
        ],
        "t": [
          -0.013764569128356502,
          -0.009058570687912956,
          0.04307474748770292
        ],
        "R": [
          [
            0.9425003270241924,
            0.33358533380359906,
            -0.020345973322295687
          ],
          [
            -0.3338955052409358,
            0.9372599730246646,
            -0.10028726013659808
          ],
          [
            -0.014384892741700031,
            0.10131420451717045,
            0.9947504746537509
          ]
        ],
        "corners": [
          [
            115.51303100585936,
            130.77870178222656
          ],
          [
            187.1428680419922,
            105.16844177246094
          ],
          [
            159.59422302246097,
            31.1361560821533
          ],
          [
            86.85507965087892,
            57.444053649902344
          ]
        ]
      },
      {
        "id": 3,
        "center": [
          394.6386365047511,
          196.10143987241239
        ],
        "t": [
          0.005695023732591096,
          -0.00041031267938433647,
          0.04350091080294556
        ],
        "R": [
          [
            0.2870897662976961,
            -0.9575621087241313,
            0.025578780716219537
          ],
          [
            0.9536469075793627,
            0.2831974638299746,
            -0.10176822757908456
          ],
          [
            0.09020555277504907,
            0.053609741801883576,
            0.9944792375069895
          ]
        ],
        "corners": [
          [
            347.3558044433594,
            170.60853576660156
          ],
          [
            368.5267028808593,
            242.84992980957028
          ],
          [
            441.7705688476563,
            221.51298522949222
          ],
          [
            421.21173095703125,
            148.52732849121097
          ]
        ]
      }
    ]
  },
  {
    "frame": 3,
    "detections": [
      {
        "id": 0,
        "center": [
          204.30346086332074,
          262.3500613071994
        ],
        "t": [
          -0.009045599592282468,
          0.004761846057480777,
          0.044686466058604435
        ],
        "R": [
          [
            0.3397541653761821,
            -0.9397620914439878,
            -0.037607427382836844
          ],
          [
            0.9388537610520147,
            0.34125811013717194,
            -0.04578774534842259
          ],
          [
            0.05586342692692617,
            -0.019751297436556403,
            0.9982430384338038
          ]
        ],
        "corners": [
          [
            155.97531127929688,
            240.25076293945318
          ],
          [
            182.43699645996094,
            309.6412658691406
          ],
          [
            252.01004028320312,
            284.1651306152344
          ],
          [
            226.1710205078125,
            215.0564880371094
          ]
        ]
      },
      {
        "id": 1,
        "center": [
          138.54829984419,
          82.22575700393608
        ],
        "t": [
          -0.013756575449081307,
          -0.009054402810438717,
          0.04334249648012793
        ],
        "R": [
          [
            0.9424510945346068,
            0.3335039992082928,
            -0.02368579579824684
          ],
          [
            -0.3341288448012847,
            0.9369368408339571,
            -0.10250498212205111
          ],
          [
            -0.011993726788630994,
            0.10452004018444473,
            0.9944504571458357
          ]
        ],
        "corners": [
          [
            116.86494445800781,
            131.268310546875
          ],
          [
            188.1518096923828,
            105.83800506591797
          ],
          [
            160.63630676269528,
            32.26797866821287
          ],
          [
            88.35034942626949,
            58.3305435180664
          ]
        ]
      },
      {
        "id": 3,
        "center": [
          394.1499660597244,
          196.11721660981615
        ],
        "t": [
          0.005693259392442761,
          -0.00041003651084164184,
          0.0437760862719981
        ],
        "R": [
          [
            0.28586963624011974,
            -0.9581532175686327,
            0.014864815465276099
          ],
          [
            0.9544443133963392,
            0.28331008483751274,
            -0.09365601131135029
          ],
          [
            0.08552545645205326,
            0.04096104847579503,
            0.9954936407664448
          ]
        ],
        "corners": [
          [
            347.2077331542969,
            170.80995178222662
          ],
          [
            368.1120300292968,
            242.6855621337891
          ],
          [
            440.9195251464844,
            221.33139038085935
          ],
          [
            420.54177856445324,
            148.91596984863284
          ]
        ]
      }
    ]
  },
  {
    "frame": 4,
    "detections": [
      {
        "id": 0,
        "center": [
          204.20807477500657,
          262.37379315386585
        ],
        "t": [
          -0.009027698388978557,
          0.004748313263295089,
          0.04457280722227544
        ],
        "R": [
          [
            0.34003700425428124,
            -0.9400026461038071,
            -0.02774637013401472
          ],
          [
            0.9388098872614946,
            0.34103142730586533,
            -0.04830694742771
          ],
          [
            0.05487104261660479,
            -0.009622416929442486,
            0.9984470831118707
          ]
        ],
        "corners": [
          [
            155.9119873046875,
            240.2594299316405
          ],
          [
            182.34309387207028,
            309.657470703125
          ],
          [
            251.9863128662109,
            284.25103759765625
          ],
          [
            226.1855621337891,
            214.84681701660148
          ]
        ]
      },
      {
        "id": 1,
        "center": [
          138.7260166819628,
          82.27243832785982
        ],
        "t": [
          -0.013759074829076418,
          -0.009062163534793345,
          0.043392342519129455
        ],
        "R": [
          [
            0.9419471948387729,
            0.33506536988457736,
            -0.02160277851291588
          ],
          [
            -0.33555848769603436,
            0.9371938791132418,
            -0.09522675195460291
          ],
          [
            -0.011661195072432117,
            0.09694756756507227,
            0.9952211742485679
          ]
        ],
        "corners": [
          [
            117.03943634033207,
            131.26986694335938
          ],
          [
            188.2344512939453,
            105.75457763671874
          ],
          [
            160.8093566894531,
            32.37859344482421
          ],
          [
            88.64839935302737,
            58.520332336425795
          ]
        ]
      },
      {
        "id": 3,
        "center": [
          394.147593143405,
          196.07752559280465
        ],
        "t": [
          0.0056931226993542075,
          -0.0004141630568054076,
          0.04377674779917989
        ],
        "R": [
          [
            0.2859268973026232,
            -0.958044169093769,
            0.01992936186447676
          ],
          [
            0.9547394452656133,
            0.28303839361502053,
            -0.0914432031030078
          ],
          [
            0.08196585296819991,
            0.045173419233644804,
            0.9956108482444015
          ]
        ],
        "corners": [
          [
            347.1799011230469,
            170.72143554687503
          ],
          [
            368.1619262695313,
            242.62278747558594
          ],
          [
            440.96417236328125,
            221.3520355224609
          ],
          [
            420.51251220703114,
            148.85295104980466
          ]
        ]
      }
    ]
  },
  {
    "frame": 5,
    "detections": [
      {
        "id": 0,
        "center": [
          203.36283826652732,
          262.88635790715654
        ],
        "t": [
          -0.009049426256934653,
          0.00476429125722974,
          0.0443377786017372
        ],
        "R": [
          [
            0.3403015318296067,
            -0.9395076966880522,
            -0.038989168987478624
          ],
          [
            0.9390576328484197,
            0.34169844252425763,
            -0.03758904847983219
          ],
          [
            0.04863773867631921,
            -0.023821465958404453,
            0.9985323771095491
          ]
        ],
        "corners": [
          [
            154.66926574707028,
            240.5796051025392
          ],
          [
            181.2826995849609,
            310.66720581054693
          ],
          [
            251.34901428222656,
            284.8690490722655
          ],
          [
            225.44070434570312,
            215.11042785644528
          ]
        ]
      },
      {
        "id": 1,
        "center": [
          137.40852957244863,
          81.49543020904878
        ],
        "t": [
          -0.01375389645007491,
          -0.009052022955674036,
          0.04307338333356298
        ],
        "R": [
          [
            0.9421557473027738,
            0.3347661767358629,
            -0.01655761872989671
          ],
          [
            -0.33484991720045676,
            0.9379151441671758,
            -0.09050257064145674
          ],
          [
            -0.014767558200291638,
            0.09081183433626641,
            0.9957585701209323
          ]
        ],
        "corners": [
          [
            115.5217742919922,
            130.83418273925784
          ],
          [
            187.32051086425778,
            105.21112823486325
          ],
          [
            159.67832946777344,
            31.293190002441396
          ],
          [
            87.17149353027347,
            57.62528228759768
          ]
        ]
      },
      {
        "id": 3,
        "center": [
          394.69363665928506,
          196.05373642273037
        ],
        "t": [
          0.005698892541947979,
          -0.00041399640898191086,
          0.04350617341201036
        ],
        "R": [
          [
            0.28709310391434506,
            -0.9574248976162474,
            0.030250869563455615
          ],
          [
            0.9550324048055637,
            0.2836471762860747,
            -0.08635615297266279
          ],
          [
            0.07409895718651213,
            0.053682816705670225,
            0.9958049506476742
          ]
        ],
        "corners": [
          [
            347.33770751953125,
            170.55622863769534
          ],
          [
            368.629852294922,
            242.88775634765628
          ],
          [
            441.9593505859374,
            221.5026702880859
          ],
          [
            421.14846801757807,
            148.5170440673828
          ]
        ]
      }
    ]
  }
]