[
  {
    "frame": 0,
    "detections": [
      {
        "id": 1,
        "center": [
          461.0910376702889,
          290.14216911352077
        ],
        "t": [
          0.010952252476462745,
          0.00687213611263608,
          0.04430943863164895
        ],
        "R": [
          [
            0.9559615527109316,
            -0.2852234420049218,
            0.06917440183600757
          ],
          [
            0.2849994520774717,
            0.9584354590115938,
            0.013295985287884973
          ],
          [
            -0.07009152626420373,
            0.007004215880420772,
            0.9975159742609914
          ]
        ],
        "corners": [
          [
            414.2039184570312,
            314.707275390625
          ],
          [
            486.8687744140625,
            337.1283569335938
          ],
          [
            508.39575195312494,
            265.3582763671875
          ],
          [
            435.4393615722656,
            243.3857574462891
          ]
        ]
      },
      {
        "id": 2,
        "center": [
          525.3585489671601,
          86.63039040392593
        ],
        "t": [
          0.015703030611550418,
          -0.008776903241659305,
          0.04367715452500645
        ],
        "R": [
          [
            -0.3018400519846996,
            -0.9521261506265407,
            0.04846004860665629
          ],
          [
            0.9519123927571345,
            -0.30379131107863755,
            -0.03966907899749157
          ],
          [
            0.05249170918593243,
            0.03415600395550121,
            0.9980370673780264
          ]
        ],
        "corners": [
          [
            500.9901428222656,
            38.91669082641602
          ],
          [
            476.56210327148443,
            111.91941070556642
          ],
          [
            549.7297973632812,
            134.34965515136716
          ],
          [
            574.1371459960938,
            61.35062026977538
          ]
        ]
      }
    ]
  },
  {
    "frame": 1,
    "detections": [
      {
        "id": 1,
        "center": [
          461.55488699113073,
          290.36756823909917
        ],
        "t": [
          0.010958761191794272,
          0.006877092429569591,
          0.044201062099195276
        ],
        "R": [
          [
            0.9558318561137636,
            -0.2882173304821938,
            0.057586745417984454
          ],
          [
            0.2865550715718301,
            0.9574068383216395,
            0.03547304457507541
          ],
          [
            -0.06535789007136976,
            -0.01740449208336131,
            0.9977100930935494
          ]
        ],
        "corners": [
          [
            414.4313049316405,
            315.1598815917968
          ],
          [
            487.5318603515625,
            337.63153076171875
          ],
          [
            508.71936035156267,
            265.5537414550782
          ],
          [
            435.8370056152344,
            243.57501220703122
          ]
        ]
      },
      {
        "id": 2,
        "center": [
          525.8072150315896,
          86.42358011743691
        ],
        "t": [
          0.01572083487010304,
          -0.008785808247980191,
          0.04363768867792055
        ],
        "R": [
          [
            -0.3024622409900079,
            -0.9519332488178739,
            0.048370265353321534
          ],
          [
            0.9517173326451838,
            -0.3044072282384116,
            -0.03962774456040065
          ],
          [
            0.05244722602806809,
            0.03404892349628456,
            0.9980430648477574
          ]
        ],
        "corners": [
          [
            501.4175415039063,
            38.6156120300293
          ],
          [
            476.9025268554688,
            111.71543884277345
          ],
          [
            550.1528930664062,
            134.14530944824216
          ],
          [
            574.6215820312499,
            61.17843246459959
          ]
        ]
      }
    ]
  },
  {
    "frame": 2,
    "detections": [
      {
        "id": 1,
        "center": [
          462.5074905463615,
          291.0978504903707
        ],
        "t": [
          0.010960046921520882,
          0.006883528457629044,
          0.043905882389073815
        ],
        "R": [
          [
            0.956457666237486,
            -0.2850951258559947,
            0.06252600985746251
          ],
          [
            0.28438138446646577,
            0.9584979591444568,
            0.020221040646987785
          ],
          [
            -0.06569597297001618,
            -0.001559336097682211,
            0.9978384676922699
          ]
        ],
        "corners": [
          [
            415.1991577148438,
            316.01025390625
          ],
          [
            488.60992431640625,
            338.51513671874994
          ],
          [
            510.09542846679676,
            266.03820800781256
          ],
          [
            436.54580688476557,
            243.936248779297
          ]
        ]
      },
      {
        "id": 2,
        "center": [
          527.1023926267968,
          85.74634057791837
        ],
        "t": [
          0.01571907306760125,
          -0.008780862460612058,
          0.04334853612002869
        ],
        "R": [
          [
            -0.3020279852636439,
            -0.9523842084271836,
            0.04175422920030801
          ],
          [
            0.9521660678488924,
            -0.30351431810820284,
            -0.03548010626381204
          ],
          [
            0.04646369932283809,
            0.029040975221919542,
            0.99849774481638
          ]
        ],
        "corners": [
          [
            502.4977111816406,
            37.627971649169915
          ],
          [
            478.11093139648443,
            111.12892913818361
          ],
          [
            551.6705932617188,
            133.79336547851562
          ],
          [
            576.1484374999999,
            60.33547210693359
          ]
        ]
      }
    ]
  },
  {
    "frame": 3,
    "detections": [
      {
        "id": 1,
        "center": [
          462.9064192328253,
          291.3052597316513
        ],
        "t": [
          0.010961021129052144,
          0.006879336238983885,
          0.0437799481500936
        ],
        "R": [
          [
            0.956701963650184,
            -0.284564431669163,
            0.06119180481640736
          ],
          [
            0.28426255973931286,
            0.9586476152051082,
            0.013767606618887573
          ],
          [
            -0.06257914891029372,
            0.004223042785127362,
            0.9980310696723315
          ]
        ],
        "corners": [
          [
            415.5142211914062,
            316.2816467285156
          ],
          [
            488.99728393554693,
            338.8113708496094
          ],
          [
            510.6788024902344,
            266.1285095214843
          ],
          [
            436.94009399414057,
            244.02590942382807
          ]
        ]
      },
      {
        "id": 2,
        "center": [
          527.9135238343713,
          85.3552134820886
        ],
        "t": [
          0.015724393719300674,
          -0.008786182367322985,
          0.043188174850441303
        ],
        "R": [
          [
            -0.3019515913649042,
            -0.9526525062710862,
            0.03575526209693068
          ],
          [
            0.9518727199030849,
            -0.30334823323049603,
            -0.0437969690759523
          ],
          [
            0.05256958794308045,
            0.020809894073609808,
            0.9984004140284297
          ]
        ],
        "corners": [
          [
            503.2594604492187,
            36.760444641113295
          ],
          [
            478.8921203613282,
            110.70112609863284
          ],
          [
            552.3325195312499,
            133.48664855957028
          ],
          [
            577.2432250976561,
            59.84989929199218
          ]
        ]
      }
    ]
  },
  {
    "frame": 4,
    "detections": [
      {
        "id": 1,
        "center": [
          461.62403858025135,
          290.4808989424665
        ],
        "t": [
          0.010949233022919872,
          0.006870384590354297,
          0.04413623996525005
        ],
        "R": [
          [
            0.9564676850976215,
            -0.28566923558216334,
            0.059687982089361484
          ],
          [
            0.2853515769621925,
            0.9583212180430568,
            0.013961395835028007
          ],
          [
            -0.06118860097426149,
            0.00367843585982959,
            0.9981194438645296
          ]
        ],
        "corners": [
          [
            414.5775146484374,
            315.2031555175781
          ],
          [
            487.44573974609375,
            337.5789184570313
          ],
          [
            508.98272705078136,
            265.59460449218744
          ],
          [
            435.8714599609375,
            243.5089569091796
          ]
        ]
      },
      {
        "id": 2,
        "center": [
          526.2948145644486,
          86.10614409068484
        ],
        "t": [
          0.015722231048187756,
          -0.008785870292642592,
          0.0435307195118122
        ],
        "R": [
          [
            -0.30325301383478726,
            -0.9518261242911419,
            0.045438295709922194
          ],
          [
            0.9515074971659756,
            -0.30504841531086496,
            -0.039735968004711214
          ],
          [
            0.05168261252161934,
            0.031184826971364196,
            0.9981765445700005
          ]
        ],
        "corners": [
          [
            501.96356201171864,
            38.20763397216797
          ],
          [
            477.3273315429688,
            111.40672302246095
          ],
          [
            550.66015625,
            134.07176208496094
          ],
          [
            575.2110595703124,
            60.83203887939454
          ]
        ]
      }
    ]
  },
  {
    "frame": 5,
    "detections": [
      {
        "id": 1,
        "center": [
          460.8693008263377,
          290.02371695215635
        ],
        "t": [
          0.010943597309320718,
          0.006869034406865143,
          0.04434647816153344
        ],
        "R": [
          [
            0.9561962806939204,
            -0.28525462766680937,
            0.0657150681486631
          ],
          [
            0.2850229944156548,
            0.9584315241172677,
            0.013073111052210831
          ],
          [
            -0.0667125583488386,
            0.006229845336738194,
            0.9977527868092542
          ]
        ],
        "corners": [
          [
            414.01190185546875,
            314.6015930175781
          ],
          [
            486.6090698242188,
            336.9380187988282
          ],
          [
            508.08639526367193,
            265.25717163085943
          ],
          [
            435.2471923828125,
            243.32386779785156
          ]
        ]
      },
      {
        "id": 2,
        "center": [
          525.21329017056,
          86.7170524826713
        ],
        "t": [
          0.015699813412467303,
          -0.00877692637247084,
          0.043703355680215085
        ],
        "R": [
          [
            -0.30292307800618595,
            -0.9517679766499096,
            0.048737331020427134
          ],
          [
            0.9514285126262689,
            -0.3049726979249221,
            -0.042135957116926234
          ],
          [
            0.054967209980343906,
            0.033606132537543146,
            0.9979224587526057
          ]
        ],
        "corners": [
          [
            500.91851806640614,
            38.93809127807617
          ],
          [
            476.3730773925781,
            111.93865203857423
          ],
          [
            549.4559326171875,
            134.39349365234372
          ],
          [
            574.0141601562499,
            61.51576995849607
          ]
        ]
      }
    ]
  }
]