[
  {
    "frame": 0,
    "detections": [
      {
        "id": 0,
        "center": [
          362.14542510959916,
          341.55829351314634
        ],
        "t": [
          0.0027612278731552276,
          0.00914870123668052,
          0.03730648920716824
        ],
        "R": [
          [
            -0.07377810396106206,
            -0.9968984981167036,
            0.02738933786295964
          ],
          [
            0.9972044758286814,
            -0.07407095960175222,
            -0.009834954545910768
          ],
          [
            0.011833205954230517,
            0.0265871660079868,
            0.999576459226861
          ]
        ],
        "corners": [
          [
            321.1729125976563,
            293.95745849609386
          ],
          [
            314.55126953125,
            382.02301025390625
          ],
          [
            403.2862548828125,
            389.35467529296864
          ],
          [
            409.944549560547,
            300.91931152343756
          ]
        ]
      },
      {
        "id": 1,
        "center": [
          382.5131250586443,
          117.44814211070491
        ],
        "t": [
          0.004036624927787768,
          -0.005421353608786266,
          0.03681512193769203
        ],
        "R": [
          [
            0.9956345866142107,
            -0.07928434979230474,
            0.04925202346666095
          ],
          [
            0.08134506470279222,
            0.995828035504972,
            -0.041346150374703114
          ],
          [
            -0.045768443124576536,
            0.04517206637204552,
            0.9979302250326081
          ]
        ],
        "corners": [
          [
            333.9776306152343,
            158.76446533203122
          ],
          [
            423.80950927734375,
            165.75335693359375
          ],
          [
            431.79779052734375,
            75.49407958984375
          ],
          [
            341.1076354980469,
            69.01530456542969
          ]
        ]
      }
    ]
  },
  {
    "frame": 1,
    "detections": [
      {
        "id": 0,
        "center": [
          362.16948428227414,
          341.760884514963
        ],
        "t": [
          0.002760540772311508,
          0.0091556818030683,
          0.03727596614214245
        ],
        "R": [
          [
            -0.0734460525733576,
            -0.9968262034506209,
            0.03071152024260873
          ],
          [
            0.9971192048294639,
            -0.07398300130574569,
            -0.016727428913351793
          ],
          [
            0.01894646989939697,
            0.02939448302002688,
            0.9993883107412938
          ]
        ],
        "corners": [
          [
            321.1629943847657,
            294.19415283203125
          ],
          [
            314.5269165039063,
            382.12658691406256
          ],
          [
            403.35528564453125,
            389.5356140136719
          ],
          [
            410.05328369140625,
            301.1907958984375
          ]
        ]
      },
      {
        "id": 1,
        "center": [
          382.76700638654074,
          117.09288814815386
        ],
        "t": [
          0.004033843524515144,
          -0.005417260158677381,
          0.036639802354713036
        ],
        "R": [
          [
            0.9956076961652739,
            -0.07946063250317005,
            0.049510839405859965
          ],
          [
            0.08154329089254728,
            0.9958026253895599,
            -0.041567090079435674
          ],
          [
            -0.04600007659656806,
            0.04542179157028758,
            0.997908239170143
          ]
        ],
        "corners": [
          [
            334.00268554687494,
            158.66198730468753
          ],
          [
            424.2191467285157,
            165.68412780761713
          ],
          [
            432.2636413574219,
            74.89952850341793
          ],
          [
            341.2422180175781,
            68.416488647461
          ]
        ]
      }
    ]
  },
  {
    "frame": 2,
    "detections": [
      {
        "id": 0,
        "center": [
          362.1022754261678,
          341.43898094638416
        ],
        "t": [
          0.0027587029253851904,
          0.009146634627656995,
          0.03734186807766522
        ],
        "R": [
          [
            -0.07311091019156463,
            -0.9968632684303589,
            0.030305426334282386
          ],
          [
            0.9972223493449923,
            -0.07350315758763132,
            -0.012036269833368246
          ],
          [
            0.014226059813410309,
            0.02934126580414587,
            0.9994682132730364
          ]
        ],
        "corners": [
          [
            321.05932617187506,
            293.7679138183595
          ],
          [
            314.64041137695307,
            381.8107299804687
          ],
          [
            403.16613769531256,
            389.1343383789062
          ],
          [
            409.81341552734386,
            300.85519409179693
          ]
        ]
      },
      {
        "id": 1,
        "center": [
          382.4052522549888,
          117.45683137792275
        ],
        "t": [
          0.004032607919383914,
          -0.0054233578205548395,
          0.03683759795475698
        ],
        "R": [
          [
            0.9951444679686687,
            -0.08121027912752159,
            0.055609157837404014
          ],
          [
            0.08289794649110291,
            0.996143464255786,
            -0.028742461412354814
          ],
          [
            -0.053060515818389054,
            0.03321278646112823,
            0.9980388231309312
          ]
        ],
        "corners": [
          [
            333.86798095703125,
            158.72183227539062
          ],
          [
            423.7001037597657,
            165.8136291503906
          ],
          [
            431.6495056152344,
            75.59077453613278
          ],
          [
            341.1611633300782,
            69.15947723388675
          ]
        ]
      }
    ]
  },
  {
    "frame": 3,
    "detections": [
      {
        "id": 0,
        "center": [
          362.0817472629058,
          341.4147377698911
        ],
        "t": [
          0.0027578875124865004,
          0.009145471749625805,
          0.03733844610545105
        ],
        "R": [
          [
            -0.07347517483835042,
            -0.9969285746173232,
            0.027107485939254005
          ],
          [
            0.9971932263476008,
            -0.07383257204102223,
            -0.012426609846205857
          ],
          [
            0.014389857849764567,
            0.026118354030838994,
            0.9995552829002423
          ]
        ],
        "corners": [
          [
            321.07824707031244,
            293.803985595703
          ],
          [
            314.5702209472655,
            381.82189941406244
          ],
          [
            403.1430358886719,
            389.0925903320313
          ],
          [
            409.8094787597657,
            300.8236999511719
          ]
        ]
      },
      {
        "id": 1,
        "center": [
          382.4056134209954,
          117.48344968257042
        ],
        "t": [
          0.004031812488222981,
          -0.005421027481841218,
          0.03683660777292899
        ],
        "R": [
          [
            0.9948523965664174,
            -0.08141802959304142,
            0.060330866919356324
          ],
          [
            0.08317932732180391,
            0.996161202537969,
            -0.027277427745283148
          ],
          [
            -0.05787839452115667,
            0.032155295291655575,
            0.9978056566447996
          ]
        ],
        "corners": [
          [
            333.82519531250006,
            158.80210876464844
          ],
          [
            423.68963623046875,
            165.8142547607422
          ],
          [
            431.68310546875,
            75.57191467285156
          ],
          [
            341.2060546875001,
            69.25152587890626
          ]
        ]
      }
    ]
  },
  {
    "frame": 4,
    "detections": [
      {
        "id": 0,
        "center": [
          362.10226929200456,
          341.38648681166296
        ],
        "t": [
          0.0027595499578601437,
          0.009145969296506982,
          0.037346638026029305
        ],
        "R": [
          [
            -0.07383521439799695,
            -0.9968706764675732,
            0.028235005115726464
          ],
          [
            0.9972098287029403,
            -0.07411331155762729,
            -0.008931662119379714
          ],
          [
            0.010996301789898893,
            0.027496753427365364,
            0.9995614087678156
          ]
        ],
        "corners": [
          [
            321.1204528808594,
            293.74258422851574
          ],
          [
            314.57470703125,
            381.8031311035157
          ],
          [
            403.17523193359375,
            389.13635253906244
          ],
          [
            409.81072998046875,
            300.8160095214844
          ]
        ]
      },
      {
        "id": 1,
        "center": [
          382.38852232696667,
          117.50118428089425
        ],
        "t": [
          0.004034805314520598,
          -0.005424082726591546,
          0.03685903561245637
        ],
        "R": [
          [
            0.994822017697109,
            -0.0806315030439731,
            0.061868520443934455
          ],
          [
            0.0828074736791316,
            0.9960040859521698,
            -0.03344821474254121
          ],
          [
            -0.05892431932514537,
            0.03839819635676898,
            0.9975236854875253
          ]
        ],
        "corners": [
          [
            333.95349121093744,
            158.71374511718753
          ],
          [
            423.7256774902344,
            165.8469085693359
          ],
          [
            431.6607360839844,
            75.5762786865234
          ],
          [
            341.1179809570312,
            69.2333679199219
          ]
        ]
      }
    ]
  },
  {
    "frame": 5,
    "detections": [
      {
        "id": 0,
        "center": [
          362.10974750162546,
          341.40272986386657
        ],
        "t": [
          0.0027602626891994847,
          0.00914683552871378,
          0.03735225415077476
        ],
        "R": [
          [
            -0.0733225660756513,
            -0.9968237924129502,
            0.031082602586406945
          ],
          [
            0.997211705108539,
            -0.07371356566771942,
            -0.011624346479313529
          ],
          [
            0.013878634608708171,
            0.030143608211586216,
            0.999449221514222
          ]
        ],
        "corners": [
          [
            321.0968933105468,
            293.7350463867187
          ],
          [
            314.6563415527345,
            381.74642944335943
          ],
          [
            403.1594848632812,
            389.11328125000006
          ],
          [
            409.8255615234374,
            300.83593750000006
          ]
        ]
      },
      {
        "id": 1,
        "center": [
          382.4320306631198,
          117.46168835142889
        ],
        "t": [
          0.0040343976382896,
          -0.005422200826870869,
          0.036834579873268915
        ],
        "R": [
          [
            0.995430294484316,
            -0.07983112423760597,
            0.05239771393705383
          ],
          [
            0.08176058335382197,
            0.9960098200651774,
            -0.035772130819628205
          ],
          [
            -0.049332908210565976,
            0.039892730374014175,
            0.9979853877842071
          ]
        ],
        "corners": [
          [
            333.961669921875,
            158.78802490234375
          ],
          [
            423.72705078125,
            165.83265686035156
          ],
          [
            431.63287353515625,
            75.51253509521484
          ],
          [
            341.14263916015625,
            69.09731292724611
          ]
        ]
      }
    ]
  }
]