[
  {
    "frame": 0,
    "detections": [
      {
        "id": 2,
        "center": [
          444.5824140752612,
          208.214686235543
        ],
        "t": [
          0.0035420940384527652,
          0.00019137854870772,
          0.016205034697987133
        ],
        "R": [
          [
            -0.09935301709007968,
            -0.9918955425287507,
            0.07919728976860953
          ],
          [
            0.9948607535669528,
            -0.09745736797815353,
            0.02746165397359806
          ],
          [
            -0.019520732755027043,
            0.08151867355621996,
            0.9964806304461423
          ]
        ],
        "corners": [
          [
            353.1636657714844,
            98.41799926757812
          ],
          [
            333.1953430175782,
            299.0336608886719
          ],
          [
            539.6926879882812,
            322.44500732421875
          ],
          [
            558.690673828125,
            115.17700195312501
          ]
        ]
      }
    ]
  },
  {
    "frame": 1,
    "detections": [
      {
        "id": 2,
        "center": [
          444.24236865860735,
          208.0467820095426
        ],
        "t": [
          0.0035366462337050614,
          0.0001896052481928439,
          0.01621163954432318
        ],
        "R": [
          [
            -0.09927470559699457,
            -0.9922998322257126,
            0.07406467304628717
          ],
          [
            0.9948143247512697,
            -0.09732076867146279,
            0.02954872678932771
          ],
          [
            -0.022113165723268057,
            0.07661403885724231,
            0.9968155782047531
          ]
        ],
        "corners": [
          [
            353.2952880859374,
            98.43155670166009
          ],
          [
            332.9585266113281,
            299.2452697753906
          ],
          [
            539.14453125,
            322.42892456054693
          ],
          [
            557.9632568359374,
            114.85110473632811
          ]
        ]
      }
    ]
  },
  {
    "frame": 2,
    "detections": [
      {
        "id": 2,
        "center": [
          444.615573394541,
          208.46944377402687
        ],
        "t": [
          0.0035428231051784754,
          0.00019888270053349764,
          0.016200990590223265
        ],
        "R": [
          [
            -0.09918420221460894,
            -0.9926258528078784,
            0.06968794995179171
          ],
          [
            0.9950341762183914,
            -0.09835053732133775,
            0.015302286299476496
          ],
          [
            -0.00833559766534696,
            0.07085963693130268,
            0.9974514673233608
          ]
        ],
        "corners": [
          [
            353.2912902832031,
            98.18779754638678
          ],
          [
            333.1457214355468,
            299.2614440917969
          ],
          [
            538.9491577148439,
            322.3850708007812
          ],
          [
            558.8681030273438,
            115.41095733642578
          ]
        ]
      }
    ]
  },
  {
    "frame": 3,
    "detections": [
      {
        "id": 2,
        "center": [
          444.432588433293,
          208.43552839303544
        ],
        "t": [
          0.003539201820974925,
          0.00019807897158545236,
          0.016200436226842408
        ],
        "R": [
          [
            -0.09976280613914704,
            -0.9918404973851535,
            0.0793713440607779
          ],
          [
            0.9949934584516518,
            -0.09896612822506351,
            0.013918444689008715
          ],
          [
            -0.005949802489459572,
            0.08036251122825741,
            0.9967479453901195
          ]
        ],
        "corners": [
          [
            353.37637329101557,
            98.17410278320315
          ],
          [
            333.13146972656244,
            299.02783203125006
          ],
          [
            538.8345336914062,
            322.7483520507812
          ],
          [
            559.12744140625,
            115.08093261718743
          ]
        ]
      }
    ]
  },
  {
    "frame": 4,
    "detections": [
      {
        "id": 2,
        "center": [
          444.54974395546907,
          208.07647069339552
        ],
        "t": [
          0.003540428509292916,
          0.00019006811966494342,
          0.016200382458624162
        ],
        "R": [
          [
            -0.10097918568395597,
            -0.9924502298065073,
            0.06961138854824975
          ],
          [
            0.9946128760527754,
            -0.09905679626873434,
            0.030544686984821635
          ],
          [
            -0.02341860048404639,
            0.07232076098870055,
            0.9971064520307668
          ]
        ],
        "corners": [
          [
            353.50115966796875,
            98.23995208740236
          ],
          [
            332.7581481933595,
            299.1847839355469
          ],
          [
            539.2984619140625,
            322.3766479492187
          ],
          [
            558.3754272460936,
            115.31040954589841
          ]
        ]
      }
    ]
  },
  {
    "frame": 5,
    "detections": [
      {
        "id": 2,
        "center": [
          444.5005140145063,
          208.23274397284044
        ],
        "t": [
          0.003543801208053143,
          0.00019034880115881034,
          0.016206341074006037
        ],
        "R": [
          [
            -0.09948667639375347,
            -0.9927856503219804,
            0.0669257329798286
          ],
          [
            0.9948031634286902,
            -0.0977739107169755,
            0.028406485445743947
          ],
          [
            -0.021657960485576867,
            0.06940399770814192,
            0.9973535069621671
          ]
        ],
        "corners": [
          [
            353.14691162109375,
            98.02512359619142
          ],
          [
            333.5446472167969,
            299.10412597656244
          ],
          [
            539.3143310546875,
            322.6147155761719
          ],
          [
            558.0100097656249,
            115.26997375488283
          ]
        ]
      }
    ]
  }
]