[
  {
    "frame": 0,
    "detections": [
      {
        "id": 3,
        "center": [
          400.89233079507767,
          224.04119749174052
        ],
        "t": [
          0.0019330072371164164,
          0.0005460014084704703,
          0.013656162339655496
        ],
        "R": [
          [
            -0.10268026550919152,
            -0.9934367849801362,
            -0.050399576618177566
          ],
          [
            0.9860066310891697,
            -0.09496113914343876,
            -0.13701571260540205
          ],
          [
            0.13133044781446382,
            -0.06376312649886359,
            0.9892858925386242
          ]
        ],
        "corners": [
          [
            291.7219848632812,
            88.90402221679689
          ],
          [
            267.7337341308594,
            330.5679321289062
          ],
          [
            501.730682373047,
            348.86456298828125
          ],
          [
            536.8529663085938,
            115.27283477783206
          ]
        ]
      }
    ]
  },
  {
    "frame": 1,
    "detections": [
      {
        "id": 3,
        "center": [
          400.24691264168365,
          224.07373196938332
        ],
        "t": [
          0.0019339610087937944,
          0.0005495090639786501,
          0.013769273470895514
        ],
        "R": [
          [
            -0.10381052970447487,
            -0.9933351040553197,
            -0.050087373397725565
          ],
          [
            0.9828845789665238,
            -0.09475212034133912,
            -0.1579871517580442
          ],
          [
            0.15218829899921757,
            -0.06563083682406641,
            0.9861700233253379
          ]
        ],
        "corners": [
          [
            291.9353942871093,
            89.75180816650393
          ],
          [
            268.4721374511719,
            328.8080444335937
          ],
          [
            499.2976989746094,
            346.9110107421875
          ],
          [
            536.0367431640625,
            116.1482620239258
          ]
        ]
      }
    ]
  },
  {
    "frame": 2,
    "detections": [
      {
        "id": 3,
        "center": [
          398.86781882948924,
          223.79305582866408
        ],
        "t": [
          0.0019308852836052335,
          0.0005524497853139992,
          0.013976441323730002
        ],
        "R": [
          [
            -0.10292332450837172,
            -0.993633734059597,
            -0.045812572629420206
          ],
          [
            0.9852281515574731,
            -0.0954988584342652,
            -0.14214590186282866
          ],
          [
            0.13686591486118502,
            -0.05976596503473924,
            0.9887849871294958
          ]
        ],
        "corners": [
          [
            292.3663635253906,
            91.92053222656251
          ],
          [
            268.91717529296886,
            327.5143737792969
          ],
          [
            497.4808959960938,
            345.8980102539062
          ],
          [
            532.2072143554686,
            117.36697387695308
          ]
        ]
      }
    ]
  },
  {
    "frame": 3,
    "detections": [
      {
        "id": 3,
        "center": [
          398.3064206663125,
          223.3402880067086
        ],
        "t": [
          0.001932787927940367,
          0.0005452856383062814,
          0.014082979623009716
        ],
        "R": [
          [
            -0.10256080955278601,
            -0.9938131567082868,
            -0.042622645358867256
          ],
          [
            0.9855972568960709,
            -0.09573425069451946,
            -0.13940229712203198
          ],
          [
            0.13445938993918366,
            -0.05630597479370723,
            0.9893181033720716
          ]
        ],
        "corners": [
          [
            292.66641235351557,
            92.58028411865237
          ],
          [
            269.42395019531256,
            326.28683471679693
          ],
          [
            496.4687805175781,
            344.84454345703114
          ],
          [
            530.6925048828124,
            117.59518432617182
          ]
        ]
      }
    ]
  },
  {
    "frame": 4,
    "detections": [
      {
        "id": 3,
        "center": [
          398.9976044854658,
          223.75785827149807
        ],
        "t": [
          0.0019332314258158501,
          0.0005518526775312759,
          0.013968661143728944
        ],
        "R": [
          [
            -0.10328870841602422,
            -0.9936269871382631,
            -0.045131509439498535
          ],
          [
            0.9855828152897123,
            -0.09612840561975233,
            -0.13923305584023354
          ],
          [
            0.13400730173895306,
            -0.05886204263820905,
            0.9892306621901197
          ]
        ],
        "corners": [
          [
            292.5614929199219,
            91.85147094726568
          ],
          [
            268.86767578125,
            327.5822143554688
          ],
          [
            497.7607421875,
            346.1551208496093
          ],
          [
            532.3950805664062,
            117.32648468017572
          ]
        ]
      }
    ]
  },
  {
    "frame": 5,
    "detections": [
      {
        "id": 3,
        "center": [
          399.47155256587814,
          223.9919813927826
        ],
        "t": [
          0.0019299576076458528,
          0.0005529366422298138,
          0.013868046544669534
        ],
        "R": [
          [
            -0.10327157837110312,
            -0.9935910020092055,
            -0.04595543305294936
          ],
          [
            0.9854509050929006,
            -0.09593661156235353,
            -0.1402949757244262
          ],
          [
            0.13498701697690924,
            -0.05977530667656223,
            0.9890426775217531
          ]
        ],
        "corners": [
          [
            292.133575439453,
            90.98487091064459
          ],
          [
            268.4311828613282,
            328.5249328613282
          ],
          [
            498.8270568847657,
            347.10766601562494
          ],
          [
            533.803955078125,
            116.83292388916011
          ]
        ]
      }
    ]
  }
]