[
  {
    "frame": 0,
    "detections": [
      {
        "id": 0,
        "center": [
          272.3588293491069,
          347.9791677453586
        ],
        "t": [
          -0.004889005989244438,
          0.015074448421364841,
          0.058793889182035514
        ],
        "R": [
          [
            -0.12627014291898436,
            -0.9905978037208167,
            -0.05264828839299783
          ],
          [
            0.9829944392673282,
            -0.13208152129798528,
            0.12757901120921397
          ],
          [
            -0.1333333543294031,
            -0.03564355474840927,
            0.9904300851792452
          ]
        ],
        "corners": [
          [
            248.3912200927734,
            316.0278015136719
          ],
          [
            240.2280426025391,
            373.4131164550781
          ],
          [
            296.56152343749994,
            380.2439270019532
          ],
          [
            303.98995971679676,
            322.9407348632813
          ]
        ]
      },
      {
        "id": 1,
        "center": [
          293.3010194092813,
          207.68443919982946
        ],
        "t": [
          -0.002813380216933583,
          0.0006522072370671508,
          0.06053423580188684
        ],
        "R": [
          [
            0.9908766092217196,
            -0.1337475977775727,
            -0.016586904050988317
          ],
          [
            0.13475571410910064,
            0.9851480764244849,
            0.10641506017516325
          ],
          [
            0.0021077979538847054,
            -0.10767937409674105,
            0.9941834385976864
          ]
        ],
        "corners": [
          [
            262.2269287109375,
            230.97027587890625
          ],
          [
            316.85797119140625,
            238.48980712890628
          ],
          [
            324.1173400878907,
            184.59176635742193
          ],
          [
            269.9862365722656,
            177.19575500488278
          ]
        ]
      },
      {
        "id": 2,
        "center": [
          315.41566466198617,
          59.040915792747356
        ],
        "t": [
          -0.0004841566454435775,
          -0.01551311210298387,
          0.06217267780414091
        ],
        "R": [
          [
            -0.15492309475253824,
            -0.9871316851996669,
            -0.039621594959849626
          ],
          [
            0.9854003400516417,
            -0.15726887878163473,
            0.06521249568047757
          ],
          [
            -0.07060456457202141,
            -0.028940211499468148,
            0.9970844796806142
          ]
        ],
        "corners": [
          [
            293.22833251953125,
            28.894088745117173
          ],
          [
            284.85107421875,
            80.48671722412108
          ],
          [
            337.6017456054688,
            89.18604278564456
          ],
          [
            345.79461669921875,
            37.72536849975587
          ]
        ]
      },
      {
        "id": 3,
        "center": [
          423.51480789961875,
          368.58485910406773
        ],
        "t": [
          0.010443074431317742,
          0.01695126238943199,
          0.05796235403310864
        ],
        "R": [
          [
            -0.1694341128167392,
            -0.9844880056118317,
            -0.04555708748858159
          ],
          [
            0.9852597844476738,
            -0.17030982258141514,
            0.016053706189236423
          ],
          [
            -0.023563500676426024,
            -0.04216552073346984,
            0.9988327338934919
          ]
        ],
        "corners": [
          [
            399.580322265625,
            335.03790283203125
          ],
          [
            389.7635803222656,
            392.9746398925782
          ],
          [
            446.3785705566406,
            400.6310729980469
          ],
          [
            455.1398010253907,
            345.7315673828125
          ]
        ]
      },
      {
        "id": 4,
        "center": [
          473.30899182770713,
          80.4514762303679
        ],
        "t": [
          0.016496728801133256,
          -0.013022049498433176,
          0.06143091787265373
        ],
        "R": [
          [
            0.16160749676221195,
            0.9862621029948744,
            0.03420644948514637
          ],
          [
            -0.9812536121494291,
            0.1569057433102896,
            0.11190145825655519
          ],
          [
            0.10499697916583049,
            -0.05164931666898982,
            0.9931303954938024
          ]
        ],
        "corners": [
          [
            496.8036804199219,
            110.3879852294922
          ],
          [
            503.7640686035156,
            58.61922454833985
          ],
          [
            450.05618286132807,
            50.82316589355468
          ],
          [
            442.6019897460937,
            102.46432495117188
          ]
        ]
      },
      {
        "id": 5,
        "center": [
          449.20346630960955,
          220.88267322849427
        ],
        "t": [
          0.013702868532386754,
          0.002049662335812181,
          0.06047857435610173
        ],
        "R": [
          [
            0.9846553852643637,
            -0.17410646149411987,
            0.011862223058293896
          ],
          [
            0.17198792974487298,
            0.979694757506611,
            0.1030453013782485
          ],
          [
            -0.029562210539146584,
            -0.09942395174231382,
            0.9946059287617288
          ]
        ],
        "corners": [
          [
            418.0722045898437,
            243.09767150878906
          ],
          [
            472.3687438964843,
            252.97975158691403
          ],
          [
            480.3538818359376,
            198.6540069580078
          ],
          [
            426.42803955078136,
            189.32575988769537
          ]
        ]
      }
    ]
  },
  {
    "frame": 1,
    "detections": [
      {
        "id": 0,
        "center": [
          272.47737906716304,
          347.95712656769547
        ],
        "t": [
          -0.004887341964015237,
          0.015097087688598809,
          0.05888976547333457
        ],
        "R": [
          [
            -0.1269915983335821,
            -0.9873251208306141,
            -0.09519579680582715
          ],
          [
            0.9801741754199091,
            -0.13962636826620972,
            0.14058116205484122
          ],
          [
            -0.15209115619450986,
            -0.0754558351726563,
            0.9854819618571484
          ]
        ],
        "corners": [
          [
            248.4672546386719,
            315.9606323242187
          ],
          [
            240.27139282226562,
            373.4733581542969
          ],
          [
            296.64093017578125,
            380.1580810546875
          ],
          [
            303.93499755859375,
            323.03381347656244
          ]
        ]
      },
      {
        "id": 1,
        "center": [
          293.3383137674908,
          207.76739160969632
        ],
        "t": [
          -0.0028157068635749315,
          0.0006622950480789338,
          0.06065788461380428
        ],
        "R": [
          [
            0.9907663840762655,
            -0.1344993013683124,
            -0.017085377253010556
          ],
          [
            0.1353462859768062,
            0.9885710160403324,
            0.06639826140245529
          ],
          [
            0.007959588979740211,
            -0.0680976077143689,
            0.9976469118715567
          ]
        ],
        "corners": [
          [
            262.32666015625,
            231.02153015136722
          ],
          [
            316.8441162109375,
            238.4625701904297
          ],
          [
            324.1803283691406,
            184.64045715332028
          ],
          [
            269.9637145996094,
            177.24354553222653
          ]
        ]
      },
      {
        "id": 2,
        "center": [
          315.4890196284808,
          58.90622960384758
        ],
        "t": [
          -0.000484925328835685,
          -0.015464216698629638,
          0.061962949281541606
        ],
        "R": [
          [
            -0.15455165403615778,
            -0.9873846031895502,
            -0.03443009757325828
          ],
          [
            0.9844628699769187,
            -0.15684703867922428,
            0.07894215663615081
          ],
          [
            -0.08334652885091534,
            -0.0216945117892567,
            0.9962844494855521
          ]
        ],
        "corners": [
          [
            293.3439636230469,
            28.894128799438466
          ],
          [
            284.59783935546875,
            80.61184692382812
          ],
          [
            337.7446594238281,
            89.06819915771486
          ],
          [
            345.72479248046875,
            37.66113281250001
          ]
        ]
      },
      {
        "id": 3,
        "center": [
          423.72776994321197,
          368.52514029146
        ],
        "t": [
          0.010425186462291298,
          0.01691939970727899,
          0.0578619720744913
        ],
        "R": [
          [
            -0.1652418226125519,
            -0.9847820303786718,
            -0.05384693773040933
          ],
          [
            0.9861819197080619,
            -0.16563930555989667,
            0.002973498706347163
          ],
          [
            -0.011847417465556908,
            -0.052611530075602674,
            0.9985447739598364
          ]
        ],
        "corners": [
          [
            399.5709533691406,
            335.0402526855469
          ],
          [
            389.71862792968744,
            393.29882812500006
          ],
          [
            446.5241088867188,
            400.12420654296875
          ],
          [
            455.00735473632824,
            345.7397766113281
          ]
        ]
      },
      {
        "id": 4,
        "center": [
          473.30063503115593,
          80.46333999844902
        ],
        "t": [
          0.01651313249331153,
          -0.01303077932219864,
          0.06148841746750665
        ],
        "R": [
          [
            0.16235831764297765,
            0.9860635882463564,
            0.03630945643851442
          ],
          [
            -0.9814476994177568,
            0.15757634437840173,
            0.10922503833797263
          ],
          [
            0.10198132181793927,
            -0.053369425957732336,
            0.9933536703376135
          ]
        ],
        "corners": [
          [
            496.76507568359375,
            110.44921875000001
          ],
          [
            503.7782592773437,
            58.626750946044936
          ],
          [
            450.1397705078125,
            50.86540985107421
          ],
          [
            442.5882263183594,
            102.46814727783202
          ]
        ]
      },
      {
        "id": 5,
        "center": [
          449.1996629382309,
          220.9797577446887
        ],
        "t": [
          0.013674143179664186,
          0.0020493724258127256,
          0.06037244689705358
        ],
        "R": [
          [
            0.9851833638471463,
            -0.17137688702760873,
            -0.006610763310532959
          ],
          [
            0.17126716006839626,
            0.9810632664499284,
            0.09045676925859784
          ],
          [
            -0.009016622478954378,
            -0.09024871087900987,
            0.9958784417305904
          ]
        ],
        "corners": [
          [
            418.08477783203125,
            243.20126342773435
          ],
          [
            472.2914123535156,
            252.90249633789062
          ],
          [
            480.3194580078125,
            198.75474548339844
          ],
          [
            426.2521667480469,
            189.25643920898438
          ]
        ]
      }
    ]
  },
  {
    "frame": 2,
    "detections": [
      {
        "id": 0,
        "center": [
          272.46198749628513,
          347.9675475252376
        ],
        "t": [
          -0.004889099068298908,
          0.01510252753090805,
          0.05890554260369715
        ],
        "R": [
          [
            -0.12525585616488172,
            -0.9875621345610166,
            -0.09503683958176472
          ],
          [
            0.9784384335876514,
            -0.13881594411062287,
            0.15293255160108837
          ],
          [
            -0.16422302571486616,
            -0.07383199876722846,
            0.9836562579392714
          ]
        ],
        "corners": [
          [
            248.49880981445312,
            316.02523803710943
          ],
          [
            240.2384033203125,
            373.5712585449218
          ],
          [
            296.63317871093744,
            380.1871337890625
          ],
          [
            303.9251403808593,
            322.9680480957032
          ]
        ]
      },
      {
        "id": 1,
        "center": [
          293.313792644969,
          207.80094720839924
        ],
        "t": [
          -0.00281339610671812,
          0.0006651326995319043,
          0.06056042218390832
        ],
        "R": [
          [
            0.9910513197020003,
            -0.13197945728005678,
            -0.019967588061280517
          ],
          [
            0.13342245879219367,
            0.9839120263958246,
            0.11880897189820344
          ],
          [
            0.003966006400485181,
            -0.12040991308743809,
            0.9927163359306156
          ]
        ],
        "corners": [
          [
            262.2742614746093,
            231.12832641601562
          ],
          [
            316.8901062011719,
            238.56700134277347
          ],
          [
            324.0439758300781,
            184.7060546875
          ],
          [
            270.0075073242187,
            177.38726806640622
          ]
        ]
      },
      {
        "id": 2,
        "center": [
          315.46569099435897,
          59.26260877959003
        ],
        "t": [
          -0.00048428137536977853,
          -0.015490144001394191,
          0.06219618045758644
        ],
        "R": [
          [
            -0.15288363766480162,
            -0.9872333878290478,
            -0.04468591825125086
          ],
          [
            0.9851790965256507,
            -0.1558121328950796,
            0.0717267524121149
          ],
          [
            -0.07777365301489014,
            -0.03305778574353966,
            0.9964228227506904
          ]
        ],
        "corners": [
          [
            293.28228759765625,
            29.20577239990235
          ],
          [
            284.84024047851557,
            80.7863540649414
          ],
          [
            337.67034912109375,
            89.34824371337889
          ],
          [
            345.65985107421875,
            38.04197692871092
          ]
        ]
      },
      {
        "id": 3,
        "center": [
          423.65702037328475,
          368.6941676257778
        ],
        "t": [
          0.010405887854855996,
          0.016906028772979618,
          0.0577954674233799
        ],
        "R": [
          [
            -0.1663023354320861,
            -0.9845502175363608,
            -0.05481242905526939
          ],
          [
            0.9860745751662705,
            -0.1660067132918722,
            -0.009934956099005965
          ],
          [
            0.0006822319934813269,
            -0.05570134909618606,
            0.9984472416048692
          ]
        ],
        "corners": [
          [
            399.4874267578125,
            335.0812377929687
          ],
          [
            389.6950988769532,
            393.3330993652343
          ],
          [
            446.22817993164057,
            400.08413696289074
          ],
          [
            455.11523437499983,
            345.87164306640625
          ]
        ]
      },
      {
        "id": 4,
        "center": [
          473.11915792645226,
          80.77791777237198
        ],
        "t": [
          0.016472743815508065,
          -0.012985566328389396,
          0.06142166095045529
        ],
        "R": [
          [
            0.15988492656260178,
            0.9868180815509567,
            0.025037655284797733
          ],
          [
            -0.9815993175344424,
            0.15625453126063474,
            0.1097601989631769
          ],
          [
            0.10440110188110213,
            -0.04212594669094421,
            0.9936426996367475
          ]
        ],
        "corners": [
          [
            496.58135986328125,
            110.73786926269531
          ],
          [
            503.4656982421876,
            58.98147964477538
          ],
          [
            449.8511047363281,
            51.06588363647458
          ],
          [
            442.4803161621093,
            102.7843017578125
          ]
        ]
      },
      {
        "id": 5,
        "center": [
          449.10636668698316,
          221.03595462319257
        ],
        "t": [
          0.013652822628559335,
          0.0020591098462627903,
          0.06032118757576856
        ],
        "R": [
          [
            0.984577272822608,
            -0.17437317242489925,
            -0.014198259740975895
          ],
          [
            0.17488401342779242,
            0.9787247912081035,
            0.1073003491235753
          ],
          [
            -0.004814113478472028,
            -0.1081285337601956,
            0.9941252659993541
          ]
        ],
        "corners": [
          [
            417.9064636230469,
            243.25979614257815
          ],
          [
            472.2016296386719,
            253.07766723632807
          ],
          [
            480.1478271484375,
            198.92497253417966
          ],
          [
            426.28668212890625,
            189.37657165527347
          ]
        ]
      }
    ]
  },
  {
    "frame": 3,
    "detections": [
      {
        "id": 0,
        "center": [
          272.43297195529385,
          347.960482462459
        ],
        "t": [
          -0.004888399741125076,
          0.015090703330475234,
          0.05886283684861575
        ],
        "R": [
          [
            -0.12509144965146557,
            -0.9897542672556596,
            -0.06883763268232439
          ],
          [
            0.9807181894360957,
            -0.1338527571799381,
            0.1423912648462514
          ],
          [
            -0.15014646893377714,
            -0.049698388751952795,
            0.9874138484051043
          ]
        ],
        "corners": [
          [
            248.43823242187494,
            316.00802612304705
          ],
          [
            240.28735351562497,
            373.4764404296875
          ],
          [
            296.6597900390625,
            380.22198486328114
          ],
          [
            303.94372558593744,
            322.94845581054693
          ]
        ]
      },
      {
        "id": 1,
        "center": [
          293.29832177971366,
          207.727053603777
        ],
        "t": [
          -0.0028149106281881906,
          0.0006573379582844823,
          0.06057404966751699
        ],
        "R": [
          [
            0.9909674803706108,
            -0.13213610553795568,
            -0.022880176161578263
          ],
          [
            0.13388413450429582,
            0.9845785132758196,
            0.11260634850491799
          ],
          [
            0.007647965478365919,
            -0.11465252203435222,
            0.9933762166546993
          ]
        ],
        "corners": [
          [
            262.2855834960938,
            230.99818420410156
          ],
          [
            316.9134521484375,
            238.5105743408203
          ],
          [
            324.0287780761718,
            184.66773986816406
          ],
          [
            269.9408264160156,
            177.27937316894534
          ]
        ]
      },
      {
        "id": 2,
        "center": [
          315.41623273447027,
          59.168739266894285
        ],
        "t": [
          -0.0004900215556806775,
          -0.015486741101710316,
          0.06213243817800034
        ],
        "R": [
          [
            -0.15721226941228256,
            -0.9867151024195209,
            -0.04095862550762169
          ],
          [
            0.9848164082612765,
            -0.1597319347682441,
            0.0679878741729137
          ],
          [
            -0.07362706272559243,
            -0.029648198468494178,
            0.996845043104481
          ]
        ],
        "corners": [
          [
            293.30957031249994,
            28.96018409729006
          ],
          [
            284.6643371582031,
            80.63162231445315
          ],
          [
            337.491943359375,
            89.33499908447263
          ],
          [
            345.7752990722656,
            37.98002624511717
          ]
        ]
      },
      {
        "id": 3,
        "center": [
          423.5456531808928,
          368.5892577934208
        ],
        "t": [
          0.010442726477725001,
          0.016957362194754765,
          0.05798399620341677
        ],
        "R": [
          [
            -0.1682252012578606,
            -0.9845584610641525,
            -0.048424357597600845
          ],
          [
            0.9853482431562959,
            -0.16935377832805315,
            0.020202412598841157
          ],
          [
            -0.028091304180360564,
            -0.04431630075943384,
            0.9986225233372448
          ]
        ],
        "corners": [
          [
            399.49951171875,
            334.99285888671864
          ],
          [
            389.7717590332032,
            393.1109924316406
          ],
          [
            446.4092712402344,
            400.5334777832032
          ],
          [
            454.998565673828,
            345.75268554687494
          ]
        ]
      },
      {
        "id": 4,
        "center": [
          473.18153930818926,
          80.63980596206021
        ],
        "t": [
          0.016493678561008623,
          -0.013009779672615978,
          0.06145735361841514
        ],
        "R": [
          [
            0.1620180516281205,
            0.986278495483636,
            0.031699846894950326
          ],
          [
            -0.9813400818266615,
            0.15766956689212813,
            0.11005431148523835
          ],
          [
            0.10354609962267473,
            -0.04893911546589579,
            0.9934199354907002
          ]
        ],
        "corners": [
          [
            496.6292114257813,
            110.61317443847656
          ],
          [
            503.68347167968744,
            58.80455017089844
          ],
          [
            449.96914672851557,
            50.96719741821288
          ],
          [
            442.55346679687506,
            102.56536102294922
          ]
        ]
      },
      {
        "id": 5,
        "center": [
          449.132621098778,
          220.9057306091303
        ],
        "t": [
          0.013654049632484497,
          0.002047531763038017,
          0.06031661864126613
        ],
        "R": [
          [
            0.9845388028780809,
            -0.17507195413294757,
            -0.005758168412489648
          ],
          [
            0.17458782016019306,
            0.9780851570352317,
            0.1134394932952299
          ],
          [
            -0.014228094711082048,
            -0.11269088899923359,
            0.9935282204635432
          ]
        ],
        "corners": [
          [
            417.84899902343744,
            243.1555938720703
          ],
          [
            472.3055725097657,
            252.96946716308594
          ],
          [
            480.2164611816407,
            198.79795837402344
          ],
          [
            426.3020935058594,
            189.31579589843753
          ]
        ]
      }
    ]
  },
  {
    "frame": 4,
    "detections": [
      {
        "id": 0,
        "center": [
          272.4077624879216,
          347.92275122662414
        ],
        "t": [
          -0.004893197194562068,
          0.015094835801737717,
          0.058894272786963346
        ],
        "R": [
          [
            -0.1247803645904774,
            -0.9896866784891122,
            -0.0703572244609984
          ],
          [
            0.9793739071909451,
            -0.13421746275114455,
            0.151037818463415
          ],
          [
            -0.15892328503466674,
            -0.05005947576466303,
            0.9860210131432073
          ]
        ],
        "corners": [
          [
            248.46728515625006,
            315.98388671874994
          ],
          [
            240.24603271484372,
            373.46707153320307
          ],
          [
            296.60498046875,
            380.20413208007824
          ],
          [
            303.91650390625,
            322.89706420898443
          ]
        ]
      },
      {
        "id": 1,
        "center": [
          293.35457989710744,
          207.7339812795894
        ],
        "t": [
          -0.0028109568294852087,
          0.0006575113123521593,
          0.06057187626038508
        ],
        "R": [
          [
            0.9905124135907406,
            -0.13190022224272144,
            -0.0385679905487268
          ],
          [
            0.13536997461318373,
            0.9848323842254686,
            0.10853637617870569
          ],
          [
            0.02366703394749705,
            -0.112727575832625,
            0.9933440316179626
          ]
        ],
        "corners": [
          [
            262.2414245605468,
            231.079833984375
          ],
          [
            316.8757629394531,
            238.45141601562503
          ],
          [
            324.10113525390636,
            184.66320800781253
          ],
          [
            270.0108032226563,
            177.24822998046875
          ]
        ]
      },
      {
        "id": 2,
        "center": [
          315.4456746659977,
          59.07346266671039
        ],
        "t": [
          -0.0004882902983748876,
          -0.015483396716917997,
          0.062077165269736785
        ],
        "R": [
          [
            -0.15541335210183882,
            -0.9873160552157031,
            -0.032460700882345386
          ],
          [
            0.9847058031840428,
            -0.15745457272945712,
            0.07458242891092616
          ],
          [
            -0.07874751528866963,
            -0.02037313524932279,
            0.9966863920993271
          ]
        ],
        "corners": [
          [
            293.2672119140625,
            29.005647659301776
          ],
          [
            284.6782531738281,
            80.65920257568362
          ],
          [
            337.59722900390625,
            89.10479736328124
          ],
          [
            345.78784179687494,
            37.78607177734372
          ]
        ]
      },
      {
        "id": 3,
        "center": [
          423.73101067541705,
          368.49247171242547
        ],
        "t": [
          0.010427175562704718,
          0.016917924538323244,
          0.05786142926718615
        ],
        "R": [
          [
            -0.1638163227567176,
            -0.9853364968548338,
            -0.04770954164851144
          ],
          [
            0.9864515058494902,
            -0.16405007836471489,
            0.0009991975800150866
          ],
          [
            -0.008811299889340821,
            -0.04689946432929759,
            0.9988607516765713
          ]
        ],
        "corners": [
          [
            399.53417968749994,
            335.0758666992188
          ],
          [
            389.7149658203126,
            393.22930908203125
          ],
          [
            446.6331481933593,
            400.1210632324218
          ],
          [
            455.05572509765614,
            345.7127990722656
          ]
        ]
      },
      {
        "id": 4,
        "center": [
          473.24504337784055,
          80.58967552789294
        ],
        "t": [
          0.016495654653569156,
          -0.013014685390819009,
          0.06145621264647975
        ],
        "R": [
          [
            0.16075596226544323,
            0.9866195393630505,
            0.027192005133009553
          ],
          [
            -0.98208676327454,
            0.15715203879857406,
            0.10396550438673838
          ],
          [
            0.09830111900201724,
            -0.0434179830081243,
            0.9942091172155169
          ]
        ],
        "corners": [
          [
            496.615966796875,
            110.56922149658203
          ],
          [
            503.6741943359374,
            58.76040267944336
          ],
          [
            450.0292663574219,
            50.80914688110352
          ],
          [
            442.5757141113282,
            102.59124755859375
          ]
        ]
      },
      {
        "id": 5,
        "center": [
          449.11823561501404,
          220.9693543473947
        ],
        "t": [
          0.013691610609458857,
          0.0020552282924711446,
          0.06047610714774708
        ],
        "R": [
          [
            0.9850733901942139,
            -0.17184736130662948,
            0.009944865168886163
          ],
          [
            0.17009920768172548,
            0.9806568253772446,
            0.09684239973830411
          ],
          [
            -0.02639461076295404,
            -0.09370525733902532,
            0.9952500435919103
          ]
        ],
        "corners": [
          [
            418.022216796875,
            243.19236755371094
          ],
          [
            472.3080749511719,
            252.95018005371094
          ],
          [
            480.26336669921875,
            198.71124267578128
          ],
          [
            426.2146301269532,
            189.3832702636719
          ]
        ]
      }
    ]
  },
  {
    "frame": 5,
    "detections": [
      {
        "id": 0,
        "center": [
          272.4605934754421,
          347.9815507682827
        ],
        "t": [
          -0.004882823958455907,
          0.015080168893602633,
          0.05881854382884418
        ],
        "R": [
          [
            -0.127496260134297,
            -0.9875979529237664,
            -0.09162416183820346
          ],
          [
            0.9818058037743905,
            -0.13877325833435972,
            0.12961229280507353
          ],
          [
            -0.14071981852848867,
            -0.07343205125863383,
            0.9873224734205429
          ]
        ],
        "corners": [
          [
            248.43434143066398,
            315.935791015625
          ],
          [
            240.2902374267578,
            373.52166748046875
          ],
          [
            296.6023254394532,
            380.1813354492188
          ],
          [
            303.95294189453125,
            322.9797058105469
          ]
        ]
      },
      {
        "id": 1,
        "center": [
          293.27110716063214,
          207.78183924395083
        ],
        "t": [
          -0.002820502344090366,
          0.0006639350371493193,
          0.06063062885073136
        ],
        "R": [
          [
            0.9909720242244723,
            -0.13377664566575698,
            -0.008846257902117266
          ],
          [
            0.13404337983738507,
            0.9873396210768132,
            0.08481064186566598
          ],
          [
            -0.002611422260524382,
            -0.08523075575350876,
            0.9963578166238588
          ]
        ],
        "corners": [
          [
            262.31445312499994,
            231.02255249023438
          ],
          [
            316.8482360839844,
            238.54875183105472
          ],
          [
            324.05795288085943,
            184.66860961914062
          ],
          [
            269.91015625,
            177.29702758789054
          ]
        ]
      },
      {
        "id": 2,
        "center": [
          315.4359362921813,
          59.37337224572837
        ],
        "t": [
          -0.0004887371954920413,
          -0.015558670678615353,
          0.06246154323913934
        ],
        "R": [
          [
            -0.15291932842210615,
            -0.9869152299659069,
            -0.051127368955126595
          ],
          [
            0.987363636413293,
            -0.15475599075009863,
            0.034112062612420016
          ],
          [
            -0.04157798075484435,
            -0.0452649112259938,
            0.9981093924656018
          ]
        ],
        "corners": [
          [
            293.05532836914057,
            28.98719215393064
          ],
          [
            284.99768066406244,
            80.80917358398436
          ],
          [
            337.4895935058594,
            89.31565093994142
          ],
          [
            345.79077148437506,
            37.996318817138686
          ]
        ]
      },
      {
        "id": 3,
        "center": [
          423.6795502817697,
          368.52196791086624
        ],
        "t": [
          0.010434105801484413,
          0.01694286602235605,
          0.057954189855933064
        ],
        "R": [
          [
            -0.16637021603059296,
            -0.9845854361818366,
            -0.05396730562625125
          ],
          [
            0.985941911494264,
            -0.16695935671134818,
            0.006566609899324339
          ],
          [
            -0.015475735102765847,
            -0.052116140159802087,
            0.998521111222929
          ]
        ],
        "corners": [
          [
            399.52673339843756,
            334.9592590332031
          ],
          [
            389.7044372558593,
            393.23782348632807
          ],
          [
            446.3879699707031,
            400.0775451660156
          ],
          [
            454.89901733398443,
            345.81076049804693
          ]
        ]
      },
      {
        "id": 4,
        "center": [
          473.1029106288766,
          80.646906086063
        ],
        "t": [
          0.01650860102017551,
          -0.013028243763019637,
          0.061534478436182996
        ],
        "R": [
          [
            0.1622759408444219,
            0.9859895013195782,
            0.038616347712177215
          ],
          [
            -0.9814501626741168,
            0.1572325444950506,
            0.10969733423635289
          ],
          [
            0.10208867326989743,
            -0.055701258865325766,
            0.9932146155543675
          ]
        ],
        "corners": [
          [
            496.551513671875,
            110.54187011718751
          ],
          [
            503.693389892578,
            58.7369155883789
          ],
          [
            449.8826599121094,
            51.04307174682615
          ],
          [
            442.52856445312506,
            102.5453414916992
          ]
        ]
      },
      {
        "id": 5,
        "center": [
          449.12234541004443,
          220.97215611449084
        ],
        "t": [
          0.013675495633453166,
          0.002054317251477422,
          0.06040435395542764
        ],
        "R": [
          [
            0.9848732363691787,
            -0.173204804530121,
            0.004980358559804665
          ],
          [
            0.1717130291498532,
            0.9794363745041498,
            0.1059198938743291
          ],
          [
            -0.02322377884590011,
            -0.10346247622133387,
            0.994362193624771
          ]
        ],
        "corners": [
          [
            417.97558593749994,
            243.19419860839844
          ],
          [
            472.34072875976557,
            253.00326538085935
          ],
          [
            480.24948120117193,
            198.76411437988284
          ],
          [
            426.2232666015625,
            189.3815460205078
          ]
        ]
      }
    ]
  }
]