[
  {
    "variant": "as-doc",
    "tag_conv": "tag->cam",
    "error_mm": 496.2423058011585,
    "R_c2g": [
      [
        0.09225826012689825,
        -0.9931594227578459,
        0.07157355954299227
      ],
      [
        0.9957235836759496,
        0.09167266047631448,
        -0.011431020633252409
      ],
      [
        0.00479148723058756,
        0.07232208727969205,
        0.9973698197467313
      ]
    ],
    "t_c2g": [
      -0.34206937434057505,
      -0.18744092726758682,
      0.03152435076885367
    ]
  },
  {
    "variant": "inverted",
    "tag_conv": "tag->cam",
    "error_mm": 496.2423058011568,
    "R_c2g": [
      [
        0.09225826012689825,
        -0.9931594227578459,
        0.07157355954299227
      ],
      [
        0.9957235836759496,
        0.09167266047631448,
        -0.011431020633252409
      ],
      [
        0.00479148723058756,
        0.07232208727969205,
        0.9973698197467313
      ]
    ],
    "t_c2g": [
      -0.34206937434057294,
      -0.18744092726758646,
      0.0315243507688541
    ]
  },
  {
    "variant": "as-doc",
    "tag_conv": "cam->tag",
    "error_mm": 527.5187037280832,
    "R_c2g": [
      [
        -0.08355066033367464,
        0.9939681451129543,
        -0.07103952180945328
      ],
      [
        -0.9961998555108075,
        -0.08507250838044672,
        -0.018668588540810216
      ],
      [
        0.024599492638256393,
        -0.06920978846202225,
        -0.9972987867951022
      ]
    ],
    "t_c2g": [
      -0.34535657603736125,
      -0.1768008044032779,
      0.06901942994419687
    ]
  },
  {
    "variant": "inverted",
    "tag_conv": "cam->tag",
    "error_mm": 527.5187037281787,
    "R_c2g": [
      [
        -0.08355066033367464,
        0.9939681451129543,
        -0.07103952180945328
      ],
      [
        -0.9961998555108075,
        -0.08507250838044672,
        -0.018668588540810216
      ],
      [
        0.024599492638256393,
        -0.06920978846202225,
        -0.9972987867951022
      ]
    ],
    "t_c2g": [
      -0.3453565760374998,
      -0.17680080440328383,
      0.06901942994419114
    ]
  }
]