[
  {
    "frame": 0,
    "detections": [
      {
        "id": 1,
        "center": [
          407.8544658865246,
          304.01097821921206
        ],
        "t": [
          0.005830644595399128,
          0.00679816960967288,
          0.03789740140555684
        ],
        "R": [
          [
            0.9877747418634405,
            -0.14104370570361563,
            0.0663907555161459
          ],
          [
            0.14209661031170367,
            0.9897872625907449,
            -0.011389826646764967
          ],
          [
            -0.06410626080607593,
            0.020684484390754976,
            0.9977286902915802
          ]
        ],
        "corners": [
          [
            358.2092895507813,
            340.11505126953125
          ],
          [
            445.3137817382812,
            353.9149169921875
          ],
          [
            457.9224853515625,
            267.5993957519531
          ],
          [
            370.44345092773443,
            254.17138671874997
          ]
        ]
      },
      {
        "id": 2,
        "center": [
          447.0047444296163,
          57.401587014832515
        ],
        "t": [
          0.008296921054966168,
          -0.009401491797998969,
          0.03727876568913615
        ],
        "R": [
          [
            -0.1592468540078476,
            -0.9856407097320223,
            0.05615007397643481
          ],
          [
            0.9841476858405476,
            -0.16298853945373146,
            -0.06991472278021686
          ],
          [
            0.07806261552944861,
            0.04412626571210358,
            0.9959714357003449
          ]
        ],
        "corners": [
          [
            410.6403503417969,
            5.977989673614494
          ],
          [
            395.3512878417967,
            95.01731872558594
          ],
          [
            483.2831420898438,
            108.70357513427734
          ],
          [
            499.5089721679689,
            19.16629600524902
          ]
        ]
      }
    ]
  },
  {
    "frame": 1,
    "detections": [
      {
        "id": 1,
        "center": [
          407.7976509220309,
          303.9772863990398
        ],
        "t": [
          0.005833432071394614,
          0.006803030298106437,
          0.03793234815055721
        ],
        "R": [
          [
            0.9873246642316322,
            -0.13980725419552292,
            0.07512615439514492
          ],
          [
            0.14059796694423576,
            0.9900525032598433,
            -0.005315306206207854
          ],
          [
            -0.07363571885330036,
            0.015810517487628618,
            0.9971598710566582
          ]
        ],
        "corners": [
          [
            358.25674438476557,
            340.0777893066406
          ],
          [
            445.41012573242193,
            353.97052001953136
          ],
          [
            457.81771850585943,
            267.5276184082032
          ],
          [
            370.3656311035156,
            254.22390747070307
          ]
        ]
      },
      {
        "id": 2,
        "center": [
          446.97009106215904,
          57.521010824974084
        ],
        "t": [
          0.008296819010210246,
          -0.009396587926278824,
          0.03728473486144474
        ],
        "R": [
          [
            -0.15912123253585372,
            -0.9859504363775505,
            0.050815060397377154
          ],
          [
            0.984065725252977,
            -0.16253279528165746,
            -0.07209534548265358
          ],
          [
            0.07934155114820451,
            0.03853345903042076,
            0.9961024499500781
          ]
        ],
        "corners": [
          [
            410.6064758300781,
            6.003376007080095
          ],
          [
            395.3847961425782,
            95.06149291992189
          ],
          [
            483.1868286132812,
            108.83055877685545
          ],
          [
            499.44317626953114,
            19.334451675415025
          ]
        ]
      }
    ]
  },
  {
    "frame": 2,
    "detections": [
      {
        "id": 1,
        "center": [
          407.7914970134005,
          304.0744620116986
        ],
        "t": [
          0.0058225903248016984,
          0.006793738675903634,
          0.0378633854556164
        ],
        "R": [
          [
            0.9875813102809542,
            -0.1398240285507834,
            0.07164074695020241
          ],
          [
            0.14172433494935105,
            0.9896585000952853,
            -0.02214195276649911
          ],
          [
            -0.06780389713665015,
            0.03202021594211038,
            0.997184705711085
          ]
        ],
        "corners": [
          [
            358.2244873046875,
            340.0658874511718
          ],
          [
            445.1834716796875,
            353.9224548339843
          ],
          [
            458.0237731933594,
            267.59997558593744
          ],
          [
            370.35821533203125,
            254.17140197753906
          ]
        ]
      },
      {
        "id": 2,
        "center": [
          447.0316629354291,
          57.472662944100406
        ],
        "t": [
          0.008298380411223018,
          -0.009402036847160473,
          0.037293950296256616
        ],
        "R": [
          [
            -0.15864308446713443,
            -0.9858912888725901,
            0.05339230539972729
          ],
          [
            0.9839253539551274,
            -0.16235469654418594,
            -0.07437640993165996
          ],
          [
            0.08199554619020749,
            0.0407347399057564,
            0.9957998852027349
          ]
        ],
        "corners": [
          [
            410.6253662109375,
            5.980465888977062
          ],
          [
            395.2934570312501,
            95.12312316894533
          ],
          [
            483.19628906250006,
            108.62304687500001
          ],
          [
            499.51574707031244,
            19.27941894531249
          ]
        ]
      }
    ]
  },
  {
    "frame": 3,
    "detections": [
      {
        "id": 1,
        "center": [
          407.6038361251003,
          303.61118230164533
        ],
        "t": [
          0.0058280988016269795,
          0.006789591453207574,
          0.03798815644385961
        ],
        "R": [
          [
            0.9879170731076522,
            -0.141060804011006,
            0.06420051584043981
          ],
          [
            0.1423664567390499,
            0.9896811895208498,
            -0.01621527379245128
          ],
          [
            -0.06125070332639686,
            0.025159345785700355,
            0.9978052709129459
          ]
        ],
        "corners": [
          [
            358.0095520019532,
            339.6138610839844
          ],
          [
            444.9354248046875,
            353.3171691894531
          ],
          [
            457.5867004394531,
            267.32641601562506
          ],
          [
            370.3313598632813,
            253.9839019775391
          ]
        ]
      },
      {
        "id": 2,
        "center": [
          446.72485285807227,
          57.8434161120907
        ],
        "t": [
          0.008301576166961136,
          -0.009401363883102396,
          0.037389051934304904
        ],
        "R": [
          [
            -0.1596465410244573,
            -0.9854529184518903,
            0.05827115455847977
          ],
          [
            0.9836054262925125,
            -0.1638067464411211,
            -0.07541694231602818
          ],
          [
            0.08386505414564012,
            0.04527576984465547,
            0.9954480184108674
          ]
        ],
        "corners": [
          [
            410.48822021484375,
            6.478531360626237
          ],
          [
            395.1277770996093,
            95.34779357910159
          ],
          [
            482.79067993164057,
            108.96618652343747
          ],
          [
            499.18981933593756,
            19.708194732665994
          ]
        ]
      }
    ]
  },
  {
    "frame": 4,
    "detections": [
      {
        "id": 1,
        "center": [
          406.95886063749396,
          302.76569182197966
        ],
        "t": [
          0.005832083962845554,
          0.0067907145097098305,
          0.03831168996306058
        ],
        "R": [
          [
            0.9877087435757066,
            -0.1423480391667052,
            0.0645637174386097
          ],
          [
            0.14324030135077348,
            0.9896434450825311,
            -0.00938443786903841
          ],
          [
            -0.06255920342394143,
            0.01851721767902485,
            0.997869459757332
          ]
        ],
        "corners": [
          [
            357.70950317382807,
            338.4636535644531
          ],
          [
            444.01568603515625,
            352.1447448730469
          ],
          [
            456.45318603515636,
            266.8901672363282
          ],
          [
            369.9531555175781,
            253.45475769042972
          ]
        ]
      },
      {
        "id": 2,
        "center": [
          445.8382719067781,
          58.71327943001947
        ],
        "t": [
          0.008296552207344723,
          -0.009399314417176698,
          0.0376203825392928
        ],
        "R": [
          [
            -0.1590169523776334,
            -0.9850853711673825,
            0.0657299046747386
          ],
          [
            0.9834193767927462,
            -0.16392320040474198,
            -0.07755974289303717
          ],
          [
            0.08717762445201603,
            0.05230674794983442,
            0.9948186095534279
          ]
        ],
        "corners": [
          [
            409.89474487304676,
            7.764025688171393
          ],
          [
            394.5952758789063,
            96.09797668457033
          ],
          [
            481.75726318359375,
            109.62775421142577
          ],
          [
            498.0167541503905,
            20.646091461181623
          ]
        ]
      }
    ]
  },
  {
    "frame": 5,
    "detections": [
      {
        "id": 1,
        "center": [
          405.8501479597989,
          301.3957982427266
        ],
        "t": [
          0.005831905431915496,
          0.006776596950475045,
          0.03877504456521282
        ],
        "R": [
          [
            0.9869970128453227,
            -0.1396035540341104,
            0.07967273269729461
          ],
          [
            0.1416917015251246,
            0.9896846783247731,
            -0.021158903754820487
          ],
          [
            -0.075897024667139,
            0.032172739862125606,
            0.996596486275383
          ]
        ],
        "corners": [
          [
            357.4566040039063,
            336.4912414550781
          ],
          [
            442.4310607910156,
            350.17108154296875
          ],
          [
            454.9364318847656,
            265.7979736328125
          ],
          [
            369.31283569335943,
            252.67864990234372
          ]
        ]
      },
      {
        "id": 2,
        "center": [
          444.33670210184977,
          60.465790197280974
        ],
        "t": [
          0.008319725324651476,
          -0.009424318633755153,
          0.038176614220149015
        ],
        "R": [
          [
            -0.15834144610315548,
            -0.9846968205199806,
            0.07280218474608133
          ],
          [
            0.9823018816607437,
            -0.1645691592700704,
            -0.0894427476260903
          ],
          [
            0.10005498354266912,
            0.05735122906253408,
            0.9933276583249321
          ]
        ],
        "corners": [
          [
            408.87744140624994,
            10.119493484497076
          ],
          [
            393.8579711914062,
            97.27193450927734
          ],
          [
            479.66455078125,
            110.62550354003906
          ],
          [
            495.9817199707031,
            22.809257507324222
          ]
        ]
      }
    ]
  }
]