[
  {
    "frame": 0,
    "detections": [
      {
        "id": 3,
        "center": [
          394.69112495355876,
          221.50798135755008
        ],
        "t": [
          0.0019530515256579737,
          0.0005294177358774183,
          0.014867153934937614
        ],
        "R": [
          [
            -0.10092510983794434,
            -0.9942718624127886,
            -0.03517933794721134
          ],
          [
            0.9841629478169381,
            -0.09459461870244879,
            -0.14991714463934064
          ],
          [
            0.1457306225488435,
            -0.04975260522569218,
            0.9880724993262301
          ]
        ],
        "corners": [
          [
            295.03176879882807,
            98.47267913818362
          ],
          [
            273.0126342773438,
            318.7952575683594
          ],
          [
            488.0437316894532,
            336.7572326660157
          ],
          [
            520.8464965820311,
            120.64124298095703
          ]
        ]
      }
    ]
  },
  {
    "frame": 1,
    "detections": [
      {
        "id": 3,
        "center": [
          395.02880321109615,
          221.40878747563391
        ],
        "t": [
          0.001956536513654812,
          0.0005261105777064995,
          0.014873157852456829
        ],
        "R": [
          [
            -0.09856391410692589,
            -0.9943212844325375,
            -0.04012901893083498
          ],
          [
            0.9850399384421469,
            -0.0917569823977083,
            -0.1458662944451465
          ],
          [
            0.1413558435644389,
            -0.0539058392541604,
            0.9884901041409017
          ]
        ],
        "corners": [
          [
            294.62231445312506,
            98.31941986083991
          ],
          [
            273.365478515625,
            319.18798828125006
          ],
          [
            488.65704345703125,
            336.18862915039057
          ],
          [
            520.2210083007812,
            120.793472290039
          ]
        ]
      }
    ]
  },
  {
    "frame": 2,
    "detections": [
      {
        "id": 3,
        "center": [
          394.9487012947995,
          221.4949781626426
        ],
        "t": [
          0.0019558994699116522,
          0.0005282823876833247,
          0.014867232386666583
        ],
        "R": [
          [
            -0.10085568995765903,
            -0.9942335261483886,
            -0.03643933706457125
          ],
          [
            0.9844409184910871,
            -0.09443123704938106,
            -0.14818508517981333
          ],
          [
            0.14388956808465833,
            -0.05081768345629735,
            0.9882880932423228
          ]
        ],
        "corners": [
          [
            294.9554748535157,
            98.23155212402351
          ],
          [
            273.1397094726563,
            318.84078979492193
          ],
          [
            488.35232543945307,
            336.635284423828
          ],
          [
            520.7778320312499,
            120.93640136718746
          ]
        ]
      }
    ]
  },
  {
    "frame": 3,
    "detections": [
      {
        "id": 3,
        "center": [
          394.7165091061807,
          221.22442223360727
        ],
        "t": [
          0.0019513912329814545,
          0.0005217169398887272,
          0.014882933320335025
        ],
        "R": [
          [
            -0.10089284456627812,
            -0.9942958474852819,
            -0.03458903856499107
          ],
          [
            0.98511386201659,
            -0.09497666870501709,
            -0.14328332514447156
          ],
          [
            0.1391808635484193,
            -0.04853040361693978,
            0.9890770885763623
          ]
        ],
        "corners": [
          [
            294.8178100585937,
            98.0753860473633
          ],
          [
            272.9763793945312,
            318.5418090820313
          ],
          [
            488.2575073242187,
            336.5360717773437
          ],
          [
            520.3053588867188,
            120.8304214477539
          ]
        ]
      }
    ]
  },
  {
    "frame": 4,
    "detections": [
      {
        "id": 3,
        "center": [
          394.71104376720535,
          221.01360269020722
        ],
        "t": [
          0.0019564946402389725,
          0.0005216050186168312,
          0.014902977152820013
        ],
        "R": [
          [
            -0.10090714613241564,
            -0.9942778294672718,
            -0.03506202631426636
          ],
          [
            0.9859925800007463,
            -0.09523780440478208,
            -0.1369247705699312
          ],
          [
            0.1328020332784219,
            -0.048387585618705126,
            0.9899607373603811
          ]
        ],
        "corners": [
          [
            295.4347229003906,
            98.61912536621098
          ],
          [
            272.78619384765625,
            318.62045288085943
          ],
          [
            488.423828125,
            336.54898071289057
          ],
          [
            520.0743408203125,
            120.65410614013668
          ]
        ]
      }
    ]
  },
  {
    "frame": 5,
    "detections": [
      {
        "id": 3,
        "center": [
          394.9448317204482,
          221.46861064436453
        ],
        "t": [
          0.0019538318968747013,
          0.0005260130413110419,
          0.01484898740697146
        ],
        "R": [
          [
            -0.10102782161467966,
            -0.9941721726030668,
            -0.037617422579031085
          ],
          [
            0.9840873403128154,
            -0.0943048148729198,
            -0.15059451692486273
          ],
          [
            0.14616937400098817,
            -0.052233065327255926,
            0.9878796591643527
          ]
        ],
        "corners": [
          [
            294.8214721679688,
            97.94231414794918
          ],
          [
            273.08908081054693,
            318.85610961914057
          ],
          [
            488.2806091308593,
            336.6207885742188
          ],
          [
            520.986083984375,
            120.73604583740241
          ]
        ]
      }
    ]
  }
]