[
  {
    "frame": 0,
    "detections": [
      {
        "id": 0,
        "center": [
          483.88059667807744,
          202.2317306273443
        ],
        "t": [
          0.0035942572966070944,
          2.1783056493831184e-05,
          0.012522953392331615
        ],
        "R": [
          [
            -0.0638330363226185,
            -0.9961023375514777,
            0.0608726260179281
          ],
          [
            0.9813147069484496,
            -0.07374577813660405,
            -0.17771608293484722
          ],
          [
            0.18151250480480413,
            0.0483910459848722,
            0.9821972903994268
          ]
        ],
        "corners": [
          [
            362.0894470214843,
            58.90002822875978
          ],
          [
            341.7938537597657,
            316.45190429687506
          ],
          [
            598.8523559570312,
            337.5379333496093
          ],
          [
            641.1820068359374,
            75.78084564208983
          ]
        ]
      }
    ]
  },
  {
    "frame": 1,
    "detections": [
      {
        "id": 0,
        "center": [
          483.7517177788269,
          202.25134098193658
        ],
        "t": [
          0.0035911973517475677,
          2.1985010102253466e-05,
          0.012521602104664598
        ],
        "R": [
          [
            -0.0639466697507225,
            -0.9961174923176723,
            0.060504255441615154
          ],
          [
            0.9812380575428796,
            -0.07381001995921244,
            -0.178112198860991
          ],
          [
            0.18188649718235986,
            0.047979396123469825,
            0.982148298216903
          ]
        ],
        "corners": [
          [
            361.96447753906244,
            58.85861587524421
          ],
          [
            341.67193603515625,
            316.45590209960943
          ],
          [
            598.6669311523439,
            337.55291748046875
          ],
          [
            641.0839843749999,
            75.78674316406247
          ]
        ]
      }
    ]
  },
  {
    "frame": 2,
    "detections": [
      {
        "id": 0,
        "center": [
          483.44246085381485,
          202.25919019335208
        ],
        "t": [
          0.0035953693232811754,
          2.23997507501066e-05,
          0.012560351418469094
        ],
        "R": [
          [
            -0.06390513357601596,
            -0.9960246329757823,
            0.062056944882021
          ],
          [
            0.980894978642469,
            -0.07414028682208573,
            -0.1798562168620516
          ],
          [
            0.18374214208129303,
            0.04937761006162066,
            0.9817335060228821
          ]
        ],
        "corners": [
          [
            362.0396423339843,
            59.32564163208015
          ],
          [
            341.76934814453136,
            315.9672851562501
          ],
          [
            598.0010375976564,
            337.1346740722655
          ],
          [
            640.4738159179686,
            76.2244338989257
          ]
        ]
      }
    ]
  },
  {
    "frame": 3,
    "detections": [
      {
        "id": 0,
        "center": [
          483.30577557464113,
          202.27908023809474
        ],
        "t": [
          0.003593990011272315,
          2.3014456506290635e-05,
          0.012568297916458061
        ],
        "R": [
          [
            -0.06367394963954343,
            -0.9959517130146636,
            0.06344929850248707
          ],
          [
            0.9812096911320098,
            -0.07408126267275955,
            -0.17815585465943823
          ],
          [
            0.18213503278042406,
            0.05091317966859312,
            0.9819545192981737
          ]
        ],
        "corners": [
          [
            361.87487792968744,
            59.508853912353544
          ],
          [
            341.7069702148437,
            315.9696350097656
          ],
          [
            598.0316162109376,
            337.1659545898437
          ],
          [
            640.1461791992188,
            76.35095214843746
          ]
        ]
      }
    ]
  },
  {
    "frame": 4,
    "detections": [
      {
        "id": 0,
        "center": [
          484.35366590209924,
          202.27906491044067
        ],
        "t": [
          0.0035938631381398013,
          2.2987548576296688e-05,
          0.012489594974565614
        ],
        "R": [
          [
            -0.06401268515562586,
            -0.9961409698897138,
            0.06004618427799964
          ],
          [
            0.981951175890108,
            -0.07360293884934432,
            -0.17422541594375493
          ],
          [
            0.17797265044720093,
            0.047809784562580455,
            0.9828733184866085
          ]
        ],
        "corners": [
          [
            362.14022827148443,
            58.571765899658224
          ],
          [
            341.78463745117193,
            316.9955749511718
          ],
          [
            599.8009033203125,
            338.0301818847657
          ],
          [
            641.773193359375,
            75.61327362060551
          ]
        ]
      }
    ]
  },
  {
    "frame": 5,
    "detections": [
      {
        "id": 0,
        "center": [
          485.3602993557963,
          202.18397647547468
        ],
        "t": [
          0.00359317872195764,
          2.0812370557007127e-05,
          0.012414163272004071
        ],
        "R": [
          [
            -0.06454487521602048,
            -0.9963058435762852,
            0.056644727372409234
          ],
          [
            0.9827846165331144,
            -0.07331077096819588,
            -0.16958752420478365
          ],
          [
            0.17311370999781528,
            0.04472356108132432,
            0.9838858909929532
          ]
        ],
        "corners": [
          [
            362.3744201660155,
            57.531364440918004
          ],
          [
            341.81677246093756,
            317.9180297851563
          ],
          [
            601.5289306640625,
            338.8183288574218
          ],
          [
            643.2686157226561,
            74.86810302734368
          ]
        ]
      }
    ]
  }
]