[
  {
    "frame": 0,
    "detections": [
      {
        "id": 2,
        "center": [
          405.20106438675873,
          286.7156004852158
        ],
        "t": [
          0.00555292817684693,
          0.005538071470929443,
          0.037153947276289276
        ],
        "R": [
          [
            -0.15546692324828768,
            -0.9868449105490765,
            0.04435265830923783
          ],
          [
            0.9850918971664748,
            -0.15153052919010152,
            0.08143987266887827
          ],
          [
            -0.07364774207446077,
            0.05635265075178634,
            0.99569091029324
          ]
        ],
        "corners": [
          [
            367.67919921875,
            235.4707794189454
          ],
          [
            354.60693359375006,
            324.03076171875
          ],
          [
            443.4421081542969,
            338.9426269531249
          ],
          [
            455.8519897460937,
            249.3585510253906
          ]
        ]
      }
    ]
  },
  {
    "frame": 1,
    "detections": [
      {
        "id": 2,
        "center": [
          405.3181755867444,
          286.705629147118
        ],
        "t": [
          0.005547273800859941,
          0.005523873636159485,
          0.03708343463294253
        ],
        "R": [
          [
            -0.1568410634623545,
            -0.9875730068055274,
            0.010021828230800348
          ],
          [
            0.9846355937712461,
            -0.15556967862897692,
            0.07931470588751066
          ],
          [
            -0.07676996998008453,
            0.022307651610308576,
            0.9967992477870807
          ]
        ],
        "corners": [
          [
            367.6439819335937,
            235.1852569580078
          ],
          [
            354.6257629394531,
            324.0997924804688
          ],
          [
            443.3824157714844,
            338.7593994140625
          ],
          [
            455.75674438476557,
            249.49871826171866
          ]
        ]
      }
    ]
  },
  {
    "frame": 2,
    "detections": [
      {
        "id": 2,
        "center": [
          405.4129982970093,
          286.73176052778666
        ],
        "t": [
          0.005555929944151717,
          0.005530402225416909,
          0.037083983236017824
        ],
        "R": [
          [
            -0.1575093448730428,
            -0.9874431775645873,
            0.012115170606119677
          ],
          [
            0.9851163739882028,
            -0.15625953160992223,
            0.07161486215432808
          ],
          [
            -0.06882249616223308,
            0.023214862958850557,
            0.9973587790558627
          ]
        ],
        "corners": [
          [
            368.03033447265625,
            235.41522216796875
          ],
          [
            354.5435791015625,
            324.18502807617193
          ],
          [
            443.33059692382807,
            338.7826232910156
          ],
          [
            456.0533752441406,
            249.4471282958984
          ]
        ]
      }
    ]
  },
  {
    "frame": 3,
    "detections": [
      {
        "id": 2,
        "center": [
          405.4968407172452,
          286.825222255589
        ],
        "t": [
          0.005549458229807915,
          0.005521745430911165,
          0.03701737281171884
        ],
        "R": [
          [
            -0.1569617533602224,
            -0.9875509806504015,
            0.010298961040576898
          ],
          [
            0.9861515157957483,
            -0.15615677818381846,
            0.05585918475056362
          ],
          [
            -0.05355554010401389,
            0.018924091621007336,
            0.9983855381967864
          ]
        ],
        "corners": [
          [
            367.9095458984375,
            235.20271301269534
          ],
          [
            354.6581420898437,
            324.1755676269531
          ],
          [
            443.3245544433594,
            338.77792358398443
          ],
          [
            456.2563781738282,
            249.53303527832037
          ]
        ]
      }
    ]
  },
  {
    "frame": 4,
    "detections": [
      {
        "id": 2,
        "center": [
          405.1726437570782,
          286.9376320482153
        ],
        "t": [
          0.005540890991764297,
          0.005535867496350522,
          0.037070061071829266
        ],
        "R": [
          [
            -0.15373719568968386,
            -0.9874907671028783,
            0.035026554898278724
          ],
          [
            0.9875837748688949,
            -0.15239980373454776,
            0.03811282510357336
          ],
          [
            -0.032298022805990444,
            0.04045101615832938,
            0.998659377873448
          ]
        ],
        "corners": [
          [
            367.7181396484375,
            235.4687957763672
          ],
          [
            354.6137390136719,
            324.1653747558593
          ],
          [
            442.93505859375,
            338.82958984375
          ],
          [
            456.20364379882807,
            249.3622741699219
          ]
        ]
      }
    ]
  },
  {
    "frame": 5,
    "detections": [
      {
        "id": 2,
        "center": [
          405.24473557353014,
          286.9277894384327
        ],
        "t": [
          0.005535631736036062,
          0.005530480134234618,
          0.037021548548528405
        ],
        "R": [
          [
            -0.15390911203053717,
            -0.9872558365550258,
            0.04047095775994357
          ],
          [
            0.9876523172370476,
            -0.15250059686748796,
            0.035867369730022185
          ],
          [
            -0.02923842489365118,
            0.04549155023842963,
            0.9985367461273734
          ]
        ],
        "corners": [
          [
            367.67721557617193,
            235.47117614746102
          ],
          [
            354.4263305664063,
            324.1098937988281
          ],
          [
            443.1482849121094,
            338.84466552734375
          ],
          [
            456.42126464843744,
            249.48365783691412
          ]
        ]
      }
    ]
  }
]