[
  {
    "frame": 0,
    "detections": [
      {
        "id": 0,
        "center": [
          477.4861705245824,
          202.0097360881414
        ],
        "t": [
          0.0036061751196351218,
          2.0789401301366073e-05,
          0.01304898940105769
        ],
        "R": [
          [
            -0.06200616255242619,
            -0.9952975971471658,
            0.0744172622353168
          ],
          [
            0.9783273722340327,
            -0.07536887450746338,
            -0.1928602745334835
          ],
          [
            0.1975621131269215,
            0.06084591907889972,
            0.9784002174919368
          ]
        ],
        "corners": [
          [
            361.23620605468744,
            65.34510040283205
          ],
          [
            341.39358520507807,
            310.7949829101563
          ],
          [
            588.1040649414062,
            332.05325317382807
          ],
          [
            629.9140014648439,
            80.16695404052732
          ]
        ]
      }
    ]
  },
  {
    "frame": 1,
    "detections": [
      {
        "id": 0,
        "center": [
          477.4130959445042,
          202.29183492157637
        ],
        "t": [
          0.0036070703711659183,
          2.477068119855322e-05,
          0.013065765725470286
        ],
        "R": [
          [
            -0.06352810106436335,
            -0.9951086619936618,
            0.07565005750387828
          ],
          [
            0.9789440555948712,
            -0.07687197470092066,
            -0.18910112511840618
          ],
          [
            0.1939915369046346,
            0.062043938710924854,
            0.9790392399074783
          ]
        ],
        "corners": [
          [
            361.18026733398426,
            65.33659362792977
          ],
          [
            341.45913696289074,
            310.77194213867193
          ],
          [
            587.8921508789064,
            332.4674987792968
          ],
          [
            629.4916381835936,
            80.94563293457027
          ]
        ]
      }
    ]
  },
  {
    "frame": 2,
    "detections": [
      {
        "id": 0,
        "center": [
          477.29558123106494,
          201.93614836996738
        ],
        "t": [
          0.003605553513175198,
          2.0380756783364617e-05,
          0.013058268615946732
        ],
        "R": [
          [
            -0.06272855733413002,
            -0.9952965584014044,
            0.07382336303026277
          ],
          [
            0.9788908539495889,
            -0.07577384079060484,
            -0.18981838979847146
          ],
          [
            0.19451946984459706,
            0.06035798113057873,
            0.9790398817030987
          ]
        ],
        "corners": [
          [
            361.3767089843749,
            65.50983428955081
          ],
          [
            341.17861938476574,
            310.81683349609375
          ],
          [
            587.9210815429689,
            332.13262939453125
          ],
          [
            629.5202026367186,
            80.17086029052733
          ]
        ]
      }
    ]
  },
  {
    "frame": 3,
    "detections": [
      {
        "id": 0,
        "center": [
          477.2844983567641,
          202.17723267051446
        ],
        "t": [
          0.0036014809280739673,
          2.5146179840907092e-05,
          0.013047917838463602
        ],
        "R": [
          [
            -0.06057636515731296,
            -0.9954975688457959,
            0.0729046939945503
          ],
          [
            0.9779056077295218,
            -0.07382877755858419,
            -0.19557590336071598
          ],
          [
            0.20007780075631332,
            0.05944663174912561,
            0.9779749340439156
          ]
        ],
        "corners": [
          [
            360.88171386718756,
            65.70214843750006
          ],
          [
            341.30065917968767,
            311.086181640625
          ],
          [
            587.9181518554688,
            331.8883666992187
          ],
          [
            629.6403808593749,
            80.15597534179686
          ]
        ]
      }
    ]
  },
  {
    "frame": 4,
    "detections": [
      {
        "id": 0,
        "center": [
          477.2183028939678,
          201.8324221436507
        ],
        "t": [
          0.003604261100044844,
          2.094326469534826e-05,
          0.013062441735050851
        ],
        "R": [
          [
            -0.06193767252161797,
            -0.9951093282389422,
            0.07694900632526074
          ],
          [
            0.9795113953500242,
            -0.0754067829501574,
            -0.18673843595938192
          ],
          [
            0.19162763658213056,
            0.06380628446280256,
            0.9793914472574277
          ]
        ],
        "corners": [
          [
            361.30087280273426,
            65.92248535156249
          ],
          [
            340.94165039062506,
            310.9073791503907
          ],
          [
            588.3749389648439,
            332.1604614257813
          ],
          [
            629.3073120117186,
            80.10135650634766
          ]
        ]
      }
    ]
  },
  {
    "frame": 5,
    "detections": [
      {
        "id": 0,
        "center": [
          477.0052780593851,
          202.03020580547627
        ],
        "t": [
          0.0036033380343618204,
          2.2317228602440996e-05,
          0.01307033554561068
        ],
        "R": [
          [
            -0.062397570901878696,
            -0.994907508300036,
            0.07915549932732177
          ],
          [
            0.9796916056456186,
            -0.07619916103686714,
            -0.18546710135435648
          ],
          [
            0.1905541943202894,
            0.06597528162494012,
            0.9794571768288061
          ]
        ],
        "corners": [
          [
            361.20712280273426,
            65.91223907470709
          ],
          [
            341.16116333007824,
            310.82879638671886
          ],
          [
            588.0438842773439,
            332.5534362792968
          ],
          [
            629.1694946289061,
            80.1607208251952
          ]
        ]
      }
    ]
  }
]