[
  {
    "frame": 0,
    "detections": [
      {
        "id": 1,
        "center": [
          114.05558339202572,
          145.575201862576
        ],
        "t": [
          -0.011797774060330155,
          -0.003211747458172477,
          0.03278111330862129
        ],
        "R": [
          [
            0.9605347341864919,
            0.277023057703109,
            -0.025124687502637397
          ],
          [
            -0.27813440623450325,
            0.9552932410679349,
            -0.10027998623105792
          ],
          [
            -0.003778424256939805,
            0.10331044995904781,
            0.9946419830468618
          ]
        ],
        "corners": [
          [
            81.81667327880858,
            207.5255279541016
          ],
          [
            178.28031921386724,
            180.10104370117188
          ],
          [
            147.15121459960938,
            81.97859954833983
          ],
          [
            49.40336990356441,
            110.81955718994139
          ]
        ]
      },
      {
        "id": 3,
        "center": [
          445.13369648900965,
          315.2754686375765
        ],
        "t": [
          0.0072048807724299805,
          0.006544737919021124,
          0.0328587377356767
        ],
        "R": [
          [
            0.23120821400122957,
            -0.9711840595036838,
            0.05782978769031597
          ],
          [
            0.9721244630973095,
            0.22823497205005805,
            -0.05369195266590078
          ],
          [
            0.038945988575589105,
            0.06863177179160125,
            0.9968815826739983
          ]
        ],
        "corners": [
          [
            384.31838989257807,
            277.570068359375
          ],
          [
            406.9723815917968,
            374.17340087890625
          ],
          [
            506.24053955078125,
            353.16162109374994
          ],
          [
            483.9740295410156,
            255.3295440673828
          ]
        ]
      }
    ]
  },
  {
    "frame": 1,
    "detections": [
      {
        "id": 1,
        "center": [
          114.22037008992086,
          145.3936671340291
        ],
        "t": [
          -0.0118178822729447,
          -0.0032225275545387094,
          0.03284522708314624
        ],
        "R": [
          [
            0.9600587221773209,
            0.27840158309444085,
            -0.02792505150861015
          ],
          [
            -0.27979646208771364,
            0.9556470671115261,
            -0.09193814727487114
          ],
          [
            0.001090767825047606,
            0.0960793508077894,
            0.9953730800930402
          ]
        ],
        "corners": [
          [
            81.83082580566406,
            207.60647583007812
          ],
          [
            178.22657775878906,
            179.81382751464847
          ],
          [
            147.12884521484375,
            82.1841125488281
          ],
          [
            49.6306610107422,
            110.65972137451169
          ]
        ]
      },
      {
        "id": 3,
        "center": [
          445.1854668608678,
          315.10597207465054
        ],
        "t": [
          0.007219170421017381,
          0.006556830635979125,
          0.03295705334097164
        ],
        "R": [
          [
            0.22975383316677672,
            -0.971799606847993,
            0.05309143316260536
          ],
          [
            0.9728885104438484,
            0.22784267356455146,
            -0.03969461360571632
          ],
          [
            0.026478715820876412,
            0.06077203495888367,
            0.9978003995666836
          ]
        ],
        "corners": [
          [
            384.2278747558594,
            277.2770690917969
          ],
          [
            407.06454467773426,
            374.2478942871094
          ],
          [
            506.04913330078125,
            352.8765869140625
          ],
          [
            483.56488037109386,
            255.56301879882815
          ]
        ]
      }
    ]
  },
  {
    "frame": 2,
    "detections": [
      {
        "id": 1,
        "center": [
          114.16979986716052,
          145.3640330133917
        ],
        "t": [
          -0.011769321974253023,
          -0.0032191914742622763,
          0.032703816489546275
        ],
        "R": [
          [
            0.9606907104956065,
            0.27684827447180216,
            -0.020697625212359967
          ],
          [
            -0.27750974934430583,
            0.9555242306198458,
            -0.09980873567585134
          ],
          [
            -0.007854793842373461,
            0.10162911797480627,
            0.9947913472650215
          ]
        ],
        "corners": [
          [
            81.88987731933592,
            207.50019836425784
          ],
          [
            178.21710205078125,
            179.9005432128906
          ],
          [
            147.316162109375,
            81.56004333496092
          ],
          [
            49.35306930541991,
            110.41262054443362
          ]
        ]
      },
      {
        "id": 3,
        "center": [
          445.22661675142126,
          315.3022014809271
        ],
        "t": [
          0.007192212047656655,
          0.0065339878909909015,
          0.032802757801605235
        ],
        "R": [
          [
            0.2324099717540274,
            -0.9714922914449322,
            0.04677961834354996
          ],
          [
            0.9713095386576076,
            0.22933482759250773,
            -0.06295488039747792
          ],
          [
            0.05043198530732611,
            0.060068831486808416,
            0.9969194302157879
          ]
        ],
        "corners": [
          [
            384.140625,
            277.633514404297
          ],
          [
            407.0158081054687,
            374.2858581542969
          ],
          [
            506.0667419433593,
            352.81927490234364
          ],
          [
            484.0601196289063,
            255.35733032226568
          ]
        ]
      }
    ]
  },
  {
    "frame": 3,
    "detections": [
      {
        "id": 1,
        "center": [
          114.32565948515612,
          145.3527649901512
        ],
        "t": [
          -0.011817517805112084,
          -0.0032244879633559526,
          0.03283123145426633
        ],
        "R": [
          [
            0.9599091579569913,
            0.27816306243269007,
            -0.03463696245870921
          ],
          [
            -0.28021882729792214,
            0.9554117965872433,
            -0.09308978337988018
          ],
          [
            0.007198423304857071,
            0.09906366457992122,
            0.9950550603167249
          ]
        ],
        "corners": [
          [
            81.83267974853518,
            207.8166809082031
          ],
          [
            178.0643768310547,
            179.65357971191406
          ],
          [
            147.18600463867188,
            82.18263244628906
          ],
          [
            49.28672409057618,
            110.35224151611327
          ]
        ]
      },
      {
        "id": 3,
        "center": [
          445.15534704766486,
          315.08215248938717
        ],
        "t": [
          0.007211632054574353,
          0.006542985084375003,
          0.03288838041020471
        ],
        "R": [
          [
            0.2325698326496646,
            -0.9711906867029314,
            0.051960783315840905
          ],
          [
            0.9719428846381903,
            0.23015259039402172,
            -0.048547030147222815
          ],
          [
            0.035189514667025995,
            0.061793488301036176,
            0.9974684269996162
          ]
        ],
        "corners": [
          [
            384.3457336425782,
            277.5893859863281
          ],
          [
            407.0781555175781,
            374.2483520507812
          ],
          [
            506.28515625,
            352.7723388671875
          ],
          [
            483.70529174804693,
            255.18136596679688
          ]
        ]
      }
    ]
  },
  {
    "frame": 4,
    "detections": [
      {
        "id": 1,
        "center": [
          114.49739317047612,
          145.56942362135257
        ],
        "t": [
          -0.011830258053779802,
          -0.0032284305749506683,
          0.03287455069751667
        ],
        "R": [
          [
            0.9611707059107812,
            0.2731581861354296,
            -0.03918519422144126
          ],
          [
            -0.2758702185342388,
            0.9546492891114869,
            -0.1119837368764055
          ],
          [
            0.006818843365368289,
            0.11844551551719748,
            0.9929371396161107
          ]
        ],
        "corners": [
          [
            82.19895935058595,
            207.57928466796875
          ],
          [
            177.71731567382815,
            179.77812194824216
          ],
          [
            147.51295471191403,
            82.18274688720705
          ],
          [
            49.04228591918943,
            110.15125274658207
          ]
        ]
      },
      {
        "id": 3,
        "center": [
          445.2382964632116,
          315.0572995952308
        ],
        "t": [
          0.007213534422671641,
          0.006546679570111444,
          0.03288543849441823
        ],
        "R": [
          [
            0.23008918021543512,
            -0.972113699347797,
            0.04532024589661515
          ],
          [
            0.9726338097601803,
            0.22816796969164943,
            -0.0438503103545233
          ],
          [
            0.032286858924127686,
            0.05416948538735765,
            0.9980096320144822
          ]
        ],
        "corners": [
          [
            384.51510620117176,
            277.53930664062506
          ],
          [
            406.8961181640624,
            374.4479675292969
          ],
          [
            506.3044128417969,
            352.78717041015614
          ],
          [
            483.75634765625006,
            255.39421081542966
          ]
        ]
      }
    ]
  },
  {
    "frame": 5,
    "detections": [
      {
        "id": 1,
        "center": [
          114.28608194869878,
          145.3685009037984
        ],
        "t": [
          -0.011837207511649562,
          -0.0032266695206774323,
          0.03290658121369596
        ],
        "R": [
          [
            0.9601226597783608,
            0.27419657312367857,
            -0.054595947352857985
          ],
          [
            -0.27840196317146676,
            0.955574354507858,
            -0.09679875985344386
          ],
          [
            0.025628598916016036,
            0.10813830169797709,
            0.9938054551185957
          ]
        ],
        "corners": [
          [
            81.46926116943358,
            207.4807586669922
          ],
          [
            178.4630279541016,
            179.9124755859375
          ],
          [
            147.44271850585938,
            82.61307525634768
          ],
          [
            49.14204406738278,
            110.30397796630864
          ]
        ]
      },
      {
        "id": 3,
        "center": [
          445.2355657303659,
          314.97918313174495
        ],
        "t": [
          0.007203205654515708,
          0.006534622438575101,
          0.03284807152575207
        ],
        "R": [
          [
            0.2309491550661226,
            -0.9714811303296941,
            0.053729891006631954
          ],
          [
            0.9722954736449785,
            0.22838831022663367,
            -0.049802526856679116
          ],
          [
            0.036110936068335694,
            0.06374318132289417,
            0.9973127930248891
          ]
        ],
        "corners": [
          [
            384.32614135742193,
            277.3641357421875
          ],
          [
            406.8179321289063,
            374.2328796386719
          ],
          [
            506.4503479003906,
            352.7828063964844
          ],
          [
            483.8857727050782,
            255.36677551269537
          ]
        ]
      }
    ]
  }
]