[
  {
    "frame": 0,
    "detections": [
      {
        "id": 1,
        "center": [
          204.01804410492701,
          166.2919612359936
        ],
        "t": [
          -0.007768146764774928,
          -0.0023598172801769404,
          0.03831723428020832
        ],
        "R": [
          [
            0.9999832889115645,
            -0.005576960090640681,
            -0.0015229621654491772
          ],
          [
            0.005487713262646909,
            0.9985589725711993,
            -0.05338411093853938
          ],
          [
            0.0018184885913743072,
            0.053374861252266606,
            0.9985728903217552
          ]
        ],
        "corners": [
          [
            161.17243957519534,
            209.10186767578122
          ],
          [
            247.49989318847653,
            209.76947021484378
          ],
          [
            247.19293212890622,
            123.15304565429689
          ],
          [
            160.36286926269528,
            122.64114379882807
          ]
        ]
      },
      {
        "id": 5,
        "center": [
          452.7174939903912,
          153.9155250351989
        ],
        "t": [
          0.008777339394548209,
          -0.003141576926383849,
          0.037734014579816594
        ],
        "R": [
          [
            0.9978971987556753,
            -0.04287465025687637,
            0.04861013352096483
          ],
          [
            0.04477070640655778,
            0.9982508408239309,
            -0.038611431496040224
          ],
          [
            -0.046869655038556605,
            0.0407065493460959,
            0.9980712460926328
          ]
        ],
        "corners": [
          [
            406.4060974121094,
            195.9222412109375
          ],
          [
            494.7015686035156,
            199.76123046875003
          ],
          [
            499.5993347167969,
            111.39138793945315
          ],
          [
            410.89984130859375,
            108.25154876708983
          ]
        ]
      }
    ]
  },
  {
    "frame": 1,
    "detections": [
      {
        "id": 1,
        "center": [
          203.1904907403541,
          166.12466774985197
        ],
        "t": [
          -0.00776319278799297,
          -0.0023565833420460965,
          0.03803302271276398
        ],
        "R": [
          [
            0.9999492656916333,
            -0.00608386954918597,
            -0.008028236049798602
          ],
          [
            0.00564793263079701,
            0.9985652973723693,
            -0.053248922436332224
          ],
          [
            0.008340677416180081,
            0.05320087795272775,
            0.9985489971379964
          ]
        ],
        "corners": [
          [
            159.92237854003903,
            209.1760559082031
          ],
          [
            246.9912109375,
            209.8299560546875
          ],
          [
            246.91722106933597,
            122.6169586181641
          ],
          [
            159.14779663085938,
            122.1779327392578
          ]
        ]
      },
      {
        "id": 5,
        "center": [
          453.80209748208557,
          153.71254750078924
        ],
        "t": [
          0.008778458641739026,
          -0.003133821745428488,
          0.03743843011854377
        ],
        "R": [
          [
            0.9985255261293042,
            -0.039258242051979975,
            0.03749085354036481
          ],
          [
            0.041043386675803706,
            0.9979990804667918,
            -0.04809652583729801
          ],
          [
            -0.0355276523060193,
            0.049564360365342765,
            0.9981388481084168
          ]
        ],
        "corners": [
          [
            407.3172912597657,
            196.07583618164062
          ],
          [
            496.05603027343744,
            199.68385314941406
          ],
          [
            500.9142761230468,
            110.77751159667967
          ],
          [
            411.4414978027344,
            107.62519073486327
          ]
        ]
      }
    ]
  },
  {
    "frame": 2,
    "detections": [
      {
        "id": 1,
        "center": [
          202.08730295878553,
          165.88042652512416
        ],
        "t": [
          -0.007769589528907153,
          -0.002357374998911525,
          0.03771554798001169
        ],
        "R": [
          [
            0.9999916073102071,
            -0.0038100838513259183,
            -0.0015061773450599529
          ],
          [
            0.0037365435035415506,
            0.9989282073865564,
            -0.046135395632064834
          ],
          [
            0.0016803427611792425,
            0.04612938053482694,
            0.9989340602360489
          ]
        ],
        "corners": [
          [
            158.56387329101562,
            209.3477325439453
          ],
          [
            246.19796752929685,
            209.77349853515625
          ],
          [
            246.25280761718747,
            121.77187347412107
          ],
          [
            157.74090576171878,
            121.75278472900392
          ]
        ]
      },
      {
        "id": 5,
        "center": [
          454.84660950416793,
          153.34333775013266
        ],
        "t": [
          0.008789976513082734,
          -0.003139294835300496,
          0.03719053607240198
        ],
        "R": [
          [
            0.9982494466481028,
            -0.04191244558842411,
            0.041729955326520546
          ],
          [
            0.043713894543116694,
            0.9981080995473992,
            -0.04323559924128149
          ],
          [
            -0.03983889670446818,
            0.04498409188454089,
            0.9981930142946773
          ]
        ],
        "corners": [
          [
            408.0648803710937,
            195.79589843750003
          ],
          [
            497.3874816894532,
            199.79214477539062
          ],
          [
            502.3840637207032,
            110.20498657226561
          ],
          [
            412.2351989746093,
            106.81751251220706
          ]
        ]
      }
    ]
  },
  {
    "frame": 3,
    "detections": [
      {
        "id": 1,
        "center": [
          203.33704164432257,
          166.19715403655943
        ],
        "t": [
          -0.0077794244626881405,
          -0.0023579037145011507,
          0.03814374272449768
        ],
        "R": [
          [
            0.9999746986684415,
            -0.005008792101497017,
            -0.005051140924859592
          ],
          [
            0.0047445826627204035,
            0.9986859712560144,
            -0.05102763713701969
          ],
          [
            0.0053000904063443665,
            0.051002380514194805,
            0.9986844677992994
          ]
        ],
        "corners": [
          [
            160.2493896484375,
            209.26945495605472
          ],
          [
            246.94879150390625,
            209.76620483398432
          ],
          [
            246.76319885253903,
            122.78646850585933
          ],
          [
            159.43933105468747,
            122.3424224853516
          ]
        ]
      },
      {
        "id": 5,
        "center": [
          453.5059667425454,
          153.75930534120658
        ],
        "t": [
          0.008778214177224427,
          -0.0031369716934927625,
          0.03751258210133207
        ],
        "R": [
          [
            0.9982820837229844,
            -0.04146514170692614,
            0.04139472600370399
          ],
          [
            0.04337299309184228,
            0.9979851706690119,
            -0.04630747882360469
          ],
          [
            -0.039391176524092256,
            0.048023339616983414,
            0.9980691830049055
          ]
        ],
        "corners": [
          [
            407.0800170898437,
            195.93194580078125
          ],
          [
            495.64392089843756,
            199.80549621582037
          ],
          [
            500.63531494140636,
            110.94770812988281
          ],
          [
            411.3465270996093,
            107.6896362304687
          ]
        ]
      }
    ]
  },
  {
    "frame": 4,
    "detections": [
      {
        "id": 1,
        "center": [
          203.34458432592373,
          166.26907578780322
        ],
        "t": [
          -0.007769604258858767,
          -0.0023538638851233642,
          0.038110435935951606
        ],
        "R": [
          [
            0.9999507242767289,
            -0.006643220027180874,
            -0.007376763932570158
          ],
          [
            0.006198470097907277,
            0.9982529679355274,
            -0.058758752338308254
          ],
          [
            0.007754223809753932,
            0.05871013230763289,
            0.9982449560992175
          ]
        ],
        "corners": [
          [
            160.20751953124997,
            209.22238159179685
          ],
          [
            246.96498107910156,
            209.82333374023443
          ],
          [
            247.01658630371094,
            122.78311157226562
          ],
          [
            159.36134338378906,
            122.35252380371088
          ]
        ]
      },
      {
        "id": 5,
        "center": [
          453.41366316202016,
          153.78895522256138
        ],
        "t": [
          0.008779228892889533,
          -0.003137733176392448,
          0.03753375554405889
        ],
        "R": [
          [
            0.9978488750033929,
            -0.0416962146529426,
            0.05058703725342959
          ],
          [
            0.04401353660705676,
            0.9979899887869027,
            -0.045593759183225405
          ],
          [
            -0.04858426957157447,
            0.047722195724153434,
            0.9976783854456617
          ]
        ],
        "corners": [
          [
            407.080841064453,
            195.87770080566403
          ],
          [
            495.6325073242188,
            199.92037963867193
          ],
          [
            500.612274169922,
            110.91372680664067
          ],
          [
            411.26483154296875,
            107.73403167724605
          ]
        ]
      }
    ]
  },
  {
    "frame": 5,
    "detections": [
      {
        "id": 1,
        "center": [
          203.29616777897695,
          166.17904067263524
        ],
        "t": [
          -0.007779920715504465,
          -0.0023577899307625763,
          0.038130684561509864
        ],
        "R": [
          [
            0.9999578593842267,
            -0.005830018164417083,
            -0.007091568509034177
          ],
          [
            0.005437707656046953,
            0.9985188028701393,
            -0.05413530872019367
          ],
          [
            0.007396674331287448,
            0.05409446554857415,
            0.9985084266073326
          ]
        ],
        "corners": [
          [
            160.17134094238278,
            209.24060058593747
          ],
          [
            246.91851806640622,
            209.7980804443359
          ],
          [
            246.7379913330078,
            122.80094909667972
          ],
          [
            159.35531616210938,
            122.24152374267581
          ]
        ]
      },
      {
        "id": 5,
        "center": [
          453.4905314598946,
          153.7196335279052
        ],
        "t": [
          0.008776346405869271,
          -0.003138258661052037,
          0.03750917909755033
        ],
        "R": [
          [
            0.998155245260216,
            -0.042137896179844314,
            0.04370931325305165
          ],
          [
            0.0438884711744822,
            0.9982395361347252,
            -0.03989524527426514
          ],
          [
            -0.0419512628830573,
            0.04173998326621359,
            0.9982473968608447
          ]
        ],
        "corners": [
          [
            407.0320434570313,
            195.91833496093753
          ],
          [
            495.71197509765625,
            199.80636596679688
          ],
          [
            500.59234619140625,
            110.93659210205074
          ],
          [
            411.3351135253907,
            107.70497131347653
          ]
        ]
      }
    ]
  }
]