[
  {
    "frame": 0,
    "detections": [
      {
        "id": 1,
        "center": [
          320.782365555027,
          287.2753265351742
        ],
        "t": [
          8.772439995991404e-05,
          0.008401180899692629,
          0.055947784899464476
        ],
        "R": [
          [
            0.9984109517244153,
            -0.03690983616893778,
            0.04258210270441718
          ],
          [
            0.03620440580873402,
            0.9991960240209593,
            0.017220527888031148
          ],
          [
            -0.043183474579795655,
            -0.015651503911386103,
            0.998944551989012
          ]
        ],
        "corners": [
          [
            290.1634216308593,
            315.5676879882813
          ],
          [
            349.4317016601562,
            318.31756591796875
          ],
          [
            351.41058349609375,
            258.97439575195307
          ],
          [
            292.3041381835937,
            256.41848754882807
          ]
        ]
      },
      {
        "id": 2,
        "center": [
          328.88259025585336,
          120.24223696951549
        ],
        "t": [
          0.0008903038894602719,
          -0.008004617161456304,
          0.05624416262503914
        ],
        "R": [
          [
            -0.06133515053767622,
            -0.9906962119566782,
            0.1214866861973321
          ],
          [
            0.9942382412065808,
            -0.07136285688690468,
            -0.07998538853680946
          ],
          [
            0.08791085843606476,
            0.11588079336813151,
            0.9893651109157865
          ]
        ],
        "corners": [
          [
            301.4776306152344,
            89.12635803222656
          ],
          [
            298.07672119140636,
            147.8782501220703
          ],
          [
            356.38134765624994,
            151.46461486816406
          ],
          [
            360.4331970214842,
            91.93811798095703
          ]
        ]
      },
      {
        "id": 4,
        "center": [
          507.86561548494694,
          126.54440622522176
        ],
        "t": [
          0.01811500993812227,
          -0.007236590800000642,
          0.05506617030893949
        ],
        "R": [
          [
            0.06190271025377658,
            0.9929180512531057,
            0.10139920097797837
          ],
          [
            -0.9978717643150086,
            0.0636554886906677,
            -0.014139333166901635
          ],
          [
            -0.02049381482519481,
            -0.10030813653581507,
            0.9947453348966372
          ]
        ],
        "corners": [
          [
            536.7530517578125,
            158.04852294921872
          ],
          [
            541.0512695312501,
            97.92759704589844
          ],
          [
            478.87686157226557,
            94.92979431152348
          ],
          [
            475.08279418945307,
            154.81384277343753
          ]
        ]
      },
      {
        "id": 5,
        "center": [
          492.2023865706342,
          286.3696303481318
        ],
        "t": [
          0.01671037446733387,
          0.008211868735038645,
          0.055390147384923906
        ],
        "R": [
          [
            0.9942464190383208,
            -0.07364901811056779,
            0.07778097685697528
          ],
          [
            0.07376961133739746,
            0.9972744291753957,
            0.0013256530536811927
          ],
          [
            -0.07766661234150354,
            0.004419846630672429,
            0.9969695894475197
          ]
        ],
        "corners": [
          [
            459.96362304687494,
            313.3515319824219
          ],
          [
            520.3547363281251,
            318.78930664062506
          ],
          [
            525.02587890625,
            258.8983459472656
          ],
          [
            463.9129333496094,
            253.79206848144526
          ]
        ]
      }
    ]
  },
  {
    "frame": 1,
    "detections": [
      {
        "id": 1,
        "center": [
          320.74887090306726,
          287.2732820121098
        ],
        "t": [
          8.553846604413267e-05,
          0.008373042790675416,
          0.055763833256312914
        ],
        "R": [
          [
            0.9979031084794823,
            -0.03899456492793263,
            0.051660526449783695
          ],
          [
            0.0405113440434714,
            0.9987683654647092,
            -0.02864582257057729
          ],
          [
            -0.05047986817315441,
            0.03067859274860482,
            0.9982537787838253
          ]
        ],
        "corners": [
          [
            290.0482177734376,
            315.2445678710937
          ],
          [
            349.30560302734375,
            318.2710266113282
          ],
          [
            351.66790771484364,
            259.10302734375006
          ],
          [
            292.2671813964844,
            256.35699462890614
          ]
        ]
      },
      {
        "id": 2,
        "center": [
          328.9318541241592,
          120.23180460062932
        ],
        "t": [
          0.0008953380986265114,
          -0.008014716650154798,
          0.05633645152489201
        ],
        "R": [
          [
            -0.06507646492955843,
            -0.9964712790762504,
            0.053009845202687825
          ],
          [
            0.9974102882804354,
            -0.06658419673221277,
            -0.027189365161120905
          ],
          [
            0.030623039441093316,
            0.051103177216949465,
            0.9982237698701241
          ]
        ],
        "corners": [
          [
            301.5924377441406,
            88.99824523925778
          ],
          [
            297.90728759765625,
            147.82829284667966
          ],
          [
            356.3998107910156,
            151.61221313476565
          ],
          [
            360.1966247558594,
            92.42165374755861
          ]
        ]
      },
      {
        "id": 4,
        "center": [
          507.88479021192586,
          126.32716470260254
        ],
        "t": [
          0.01809442173176428,
          -0.00722826940649493,
          0.05498425190448859
        ],
        "R": [
          [
            0.06818613887831193,
            0.9912544073055398,
            0.11298385044868312
          ],
          [
            -0.9976675498587922,
            0.06738620932496714,
            0.010888468742951596
          ],
          [
            0.003179689233583631,
            -0.11346276389262888,
            0.9935371612507623
          ]
        ],
        "corners": [
          [
            536.9935913085938,
            158.17176818847656
          ],
          [
            540.9834594726562,
            97.73188018798828
          ],
          [
            479.25924682617193,
            95.01123809814453
          ],
          [
            474.8662109375,
            154.85325622558594
          ]
        ]
      },
      {
        "id": 5,
        "center": [
          492.12584952603055,
          286.26355754021847
        ],
        "t": [
          0.01673160436573032,
          0.008225463055325531,
          0.055484042326877855
        ],
        "R": [
          [
            0.9928621988098504,
            -0.07894829368260059,
            0.08939698596191095
          ],
          [
            0.07645544386257763,
            0.9965916048717285,
            0.030979641750176493
          ],
          [
            -0.09153807556555088,
            -0.02392362898472717,
            0.9955141589640786
          ]
        ],
        "corners": [
          [
            459.761932373047,
            313.2639465332031
          ],
          [
            520.5845336914062,
            319.0025634765625
          ],
          [
            524.8270874023436,
            258.9817504882813
          ],
          [
            463.8683776855469,
            253.75602722167974
          ]
        ]
      }
    ]
  },
  {
    "frame": 2,
    "detections": [
      {
        "id": 1,
        "center": [
          320.8849431106135,
          287.23047326123776
        ],
        "t": [
          9.060132916106899e-05,
          0.008377434337139012,
          0.05583335873634572
        ],
        "R": [
          [
            0.9987188227925624,
            -0.03682707280306963,
            0.03470561494334964
          ],
          [
            0.03740883740407419,
            0.9991676666155597,
            -0.01626508143515932
          ],
          [
            -0.034077732963244296,
            0.01754253968997164,
            0.9992652137532415
          ]
        ],
        "corners": [
          [
            290.32705688476557,
            315.38446044921875
          ],
          [
            349.5196838378907,
            318.1663208007812
          ],
          [
            351.41802978515625,
            259.0993347167969
          ],
          [
            292.1204528808593,
            256.1544494628907
          ]
        ]
      },
      {
        "id": 2,
        "center": [
          328.7920649795914,
          120.11769163575994
        ],
        "t": [
          0.000884027439034149,
          -0.00802478512226777,
          0.05632596147971255
        ],
        "R": [
          [
            -0.056574479973529546,
            -0.9895865640035533,
            0.13235467713445379
          ],
          [
            0.991724213267071,
            -0.07100307071086331,
            -0.10696564293938782
          ],
          [
            0.11524935156231084,
            0.12520781242905332,
            0.9854139184480794
          ]
        ],
        "corners": [
          [
            301.25927734374994,
            88.99242401123048
          ],
          [
            298.3095397949218,
            147.67849731445312
          ],
          [
            356.4679870605469,
            151.40476989746094
          ],
          [
            360.0816955566407,
            91.8271408081055
          ]
        ]
      },
      {
        "id": 4,
        "center": [
          507.7841419379208,
          126.47606800690876
        ],
        "t": [
          0.01810307496806112,
          -0.007235127789032443,
          0.055024365143186774
        ],
        "R": [
          [
            0.06397478940613432,
            0.9921513800402004,
            0.10743772803241525
          ],
          [
            -0.99748865194008,
            0.06685202858719413,
            -0.02339221076638783
          ],
          [
            -0.0303910442598291,
            -0.10567140274503523,
            0.9939365870470277
          ]
        ],
        "corners": [
          [
            536.61767578125,
            158.3238220214844
          ],
          [
            541.1983032226562,
            97.7366714477539
          ],
          [
            479.06582641601557,
            94.7555770874023
          ],
          [
            474.9959411621094,
            154.67707824707028
          ]
        ]
      },
      {
        "id": 5,
        "center": [
          492.1208030242922,
          286.1564730435712
        ],
        "t": [
          0.016663179595957076,
          0.008182453748612461,
          0.05527817351025504
        ],
        "R": [
          [
            0.9948527975079788,
            -0.07728350353460955,
            0.06553755695754326
          ],
          [
            0.07684326111666667,
            0.9970005950616125,
            0.009215566599335371
          ],
          [
            -0.06605319455940811,
            -0.004132012609732977,
            0.9978075475562861
          ]
        ],
        "corners": [
          [
            459.5956115722656,
            313.29150390624994
          ],
          [
            520.2841796875,
            318.6525268554687
          ],
          [
            524.8692626953125,
            258.83517456054693
          ],
          [
            463.87854003906256,
            253.5693969726563
          ]
        ]
      }
    ]
  },
  {
    "frame": 3,
    "detections": [
      {
        "id": 1,
        "center": [
          320.792595747357,
          287.1942484733736
        ],
        "t": [
          8.71571954056131e-05,
          0.008384024290199502,
          0.05587695185179346
        ],
        "R": [
          [
            0.9984968869466961,
            -0.036696564080899496,
            0.0407103051132512
          ],
          [
            0.0364733729305754,
            0.9993153181450745,
            0.006211923025538472
          ],
          [
            -0.04091038773740398,
            -0.004717743662439539,
            0.9991516817129974
          ]
        ],
        "corners": [
          [
            290.12884521484375,
            315.4273986816406
          ],
          [
            349.5350952148437,
            318.21508789062494
          ],
          [
            351.43215942382807,
            258.98336791992193
          ],
          [
            292.1845703125,
            256.31854248046886
          ]
        ]
      },
      {
        "id": 2,
        "center": [
          329.0077159172472,
          120.33417917796581
        ],
        "t": [
          0.0009038900137766921,
          -0.008025538494593747,
          0.056462542551135836
        ],
        "R": [
          [
            -0.060263013968840484,
            -0.9963821496088805,
            0.05992479527022099
          ],
          [
            0.9860374751843461,
            -0.06875885244888841,
            -0.15166515005759196
          ],
          [
            0.1552368083911518,
            0.04994829477268063,
            0.9866137548047008
          ]
        ],
        "corners": [
          [
            301.4871520996094,
            88.83746337890628
          ],
          [
            298.185089111328,
            147.84841918945312
          ],
          [
            356.2272644042969,
            151.48638916015622
          ],
          [
            360.50518798828136,
            92.217529296875
          ]
        ]
      },
      {
        "id": 4,
        "center": [
          507.7481511608203,
          126.21517303193501
        ],
        "t": [
          0.018092158137740365,
          -0.007239882262670036,
          0.055011249875583285
        ],
        "R": [
          [
            0.0666305963022158,
            0.9909090450485002,
            0.1168744115599284
          ],
          [
            -0.9977650686429141,
            0.06676076371529255,
            0.0028050354991639203
          ],
          [
            -0.005023089926712583,
            -0.11680010646065037,
            0.9931427408476432
          ]
        ],
        "corners": [
          [
            536.8257446289062,
            158.109848022461
          ],
          [
            540.8822021484374,
            97.51108551025395
          ],
          [
            479.23141479492193,
            94.93569183349608
          ],
          [
            474.7239685058595,
            154.8240814208984
          ]
        ]
      },
      {
        "id": 5,
        "center": [
          492.2821390455113,
          286.1701521762361
        ],
        "t": [
          0.01667588296644528,
          0.008182294880546538,
          0.05525447740233047
        ],
        "R": [
          [
            0.9951574896055678,
            -0.07475134934293576,
            0.0638263789773116
          ],
          [
            0.07467317599454482,
            0.9972015166676735,
            0.003612747234284456
          ],
          [
            -0.06391781965017858,
            0.0011708659622173302,
            0.9979544786231814
          ]
        ],
        "corners": [
          [
            459.81237792968756,
            313.3822631835937
          ],
          [
            520.4841308593751,
            318.63882446289074
          ],
          [
            525.0456542968748,
            258.7118530273438
          ],
          [
            464.09460449218744,
            253.71812438964835
          ]
        ]
      }
    ]
  },
  {
    "frame": 4,
    "detections": [
      {
        "id": 1,
        "center": [
          320.7550109612848,
          287.1392376472827
        ],
        "t": [
          8.6888529602422e-05,
          0.008404812190274473,
          0.056045834453516206
        ],
        "R": [
          [
            0.9976481962749636,
            -0.04269593492756177,
            0.05362027237876069
          ],
          [
            0.040881845791336,
            0.9985686868358408,
            0.034485538355056924
          ],
          [
            -0.055015917278588615,
            -0.032212339430815716,
            0.9979657379060612
          ]
        ],
        "corners": [
          [
            289.9494323730469,
            315.1771545410156
          ],
          [
            349.32043457031256,
            318.38015747070307
          ],
          [
            351.5471801757813,
            259.11352539062494
          ],
          [
            292.5210571289063,
            256.26083374023443
          ]
        ]
      },
      {
        "id": 2,
        "center": [
          328.95914567325696,
          120.26622617178822
        ],
        "t": [
          0.0008990751365901381,
          -0.008026801025643978,
          0.05643382339095096
        ],
        "R": [
          [
            -0.06083501240669664,
            -0.9956691368740203,
            0.07029986587484051
          ],
          [
            0.9959396357743672,
            -0.06523195540366789,
            -0.06204058258780802
          ],
          [
            0.0663576910319956,
            0.06624018320292752,
            0.9955947443463856
          ]
        ],
        "corners": [
          [
            301.4999389648437,
            89.08410644531251
          ],
          [
            298.14489746093744,
            147.9163818359375
          ],
          [
            356.4475402832032,
            151.4814910888672
          ],
          [
            360.1952819824219,
            92.23750305175781
          ]
        ]
      },
      {
        "id": 4,
        "center": [
          507.7713336919624,
          126.11903276458348
        ],
        "t": [
          0.01809783551755276,
          -0.0072438896246038555,
          0.055011816176290966
        ],
        "R": [
          [
            0.07420785619693643,
            0.9896028570201425,
            0.12320462432971664
          ],
          [
            -0.9971936942144497,
            0.07240973841498083,
            0.019014888945578713
          ],
          [
            0.009895973807234656,
            -0.12426992862412782,
            0.9921991002526462
          ]
        ],
        "corners": [
          [
            536.8724975585938,
            158.2695617675781
          ],
          [
            540.927734375,
            97.61257171630858
          ],
          [
            479.4690246582031,
            94.8510665893555
          ],
          [
            474.66165161132807,
            154.5853271484375
          ]
        ]
      },
      {
        "id": 5,
        "center": [
          492.26556478838273,
          286.20609292318426
        ],
        "t": [
          0.01672475764386558,
          0.008208052581201188,
          0.055433087635210036
        ],
        "R": [
          [
            0.9934927783426453,
            -0.07411908873178052,
            0.08647809009559086
          ],
          [
            0.07246062946232579,
            0.9971249283541883,
            0.02216606488710063
          ],
          [
            -0.08787238792097446,
            -0.015755568546582728,
            0.9960071312499924
          ]
        ],
        "corners": [
          [
            459.96618652343744,
            313.2983703613281
          ],
          [
            520.756591796875,
            318.7146606445313
          ],
          [
            524.8870239257812,
            258.8436584472656
          ],
          [
            463.7653503417969,
            253.68704223632807
          ]
        ]
      }
    ]
  },
  {
    "frame": 5,
    "detections": [
      {
        "id": 1,
        "center": [
          320.96707954957634,
          287.11564692931825
        ],
        "t": [
          0.00010186450254387797,
          0.008388066336979218,
          0.05597098624300097
        ],
        "R": [
          [
            0.9989264634341868,
            -0.04280749740243106,
            -0.017704203371205603
          ],
          [
            0.043439091455131085,
            0.9983714963493511,
            0.0369783803148709
          ],
          [
            0.016092420092108813,
            -0.037707737180840396,
            0.9991592268363836
          ]
        ],
        "corners": [
          [
            290.06036376953125,
            315.4962463378906
          ],
          [
            349.5104064941407,
            318.1035766601563
          ],
          [
            351.55621337890625,
            259.02667236328125
          ],
          [
            292.39007568359375,
            256.0911560058593
          ]
        ]
      },
      {
        "id": 2,
        "center": [
          328.9790122303918,
          120.26012856698809
        ],
        "t": [
          0.0009040481371726132,
          -0.008058419907435502,
          0.05664072112550134
        ],
        "R": [
          [
            -0.05891160828162012,
            -0.9959952532771925,
            0.06725234463552687
          ],
          [
            0.9911634437623472,
            -0.06638026344559284,
            -0.11484201484673763
          ],
          [
            0.11884633001837955,
            0.05989253771711809,
            0.99110465328691
          ]
        ],
        "corners": [
          [
            301.5065002441406,
            89.07522583007815
          ],
          [
            298.2525329589844,
            147.77822875976562
          ],
          [
            356.28005981445307,
            151.2503967285156
          ],
          [
            360.29840087890625,
            92.21102905273436
          ]
        ]
      },
      {
        "id": 4,
        "center": [
          508.06192905876617,
          126.36587968002584
        ],
        "t": [
          0.01805048250961543,
          -0.007213105241448457,
          0.05482901283733654
        ],
        "R": [
          [
            0.059759500382794734,
            0.9949491887433262,
            0.08065304664423129
          ],
          [
            -0.9980761704767004,
            0.06089276135378846,
            -0.011663170292642258
          ],
          [
            -0.016515448542602812,
            -0.0798008987023853,
            0.9966739971152696
          ]
        ],
        "corners": [
          [
            536.9550781250001,
            157.97323608398438
          ],
          [
            540.9905395507811,
            97.70455169677733
          ],
          [
            479.11892700195307,
            94.70398712158206
          ],
          [
            475.12716674804693,
            155.0325622558594
          ]
        ]
      },
      {
        "id": 5,
        "center": [
          492.2051190301736,
          286.0265086420112
        ],
        "t": [
          0.016709630229076036,
          0.008195167349334759,
          0.05541404348019599
        ],
        "R": [
          [
            0.9945066362833946,
            -0.08047769319767678,
            0.06693199000378872
          ],
          [
            0.07774985067692025,
            0.9960703803874392,
            0.04241176764223866
          ],
          [
            -0.07008217396744533,
            -0.03697483214841202,
            0.9968557321295762
          ]
        ],
        "corners": [
          [
            459.73324584960943,
            313.25613403320307
          ],
          [
            520.6353149414062,
            318.6388244628907
          ],
          [
            524.6303100585936,
            258.8360290527344
          ],
          [
            463.8669128417969,
            253.51971435546866
          ]
        ]
      }
    ]
  }
]