[
  {
    "frame": 0,
    "detections": [
      {
        "id": 0,
        "center": [
          273.4279398928654,
          343.079522645159
        ],
        "t": [
          -0.004959817035962239,
          0.015130643949444161,
          0.061054736644977126
        ],
        "R": [
          [
            -0.11854303730200899,
            -0.9928901345702416,
            -0.010804118673085339
          ],
          [
            0.9683896748643256,
            -0.11800921590205266,
            0.219761831486609
          ],
          [
            -0.21947434001126553,
            0.015588638018450202,
            0.9754937254751305
          ]
        ],
        "corners": [
          [
            250.4204406738281,
            312.64788818359386
          ],
          [
            242.32713317871085,
            367.6390075683594
          ],
          [
            296.9989013671875,
            374.2564392089843
          ],
          [
            304.02938842773443,
            318.9143676757813
          ]
        ]
      },
      {
        "id": 1,
        "center": [
          294.0991322360279,
          206.9769754180686
        ],
        "t": [
          -0.0028288282470297953,
          0.0006002178793276696,
          0.06277632714824409
        ],
        "R": [
          [
            0.989960280159654,
            -0.1386829814999081,
            0.02730703844279518
          ],
          [
            0.1386734050523827,
            0.9903356043779142,
            0.002253315914193878
          ],
          [
            -0.027355628989258102,
            0.0015560667490551441,
            0.9996245536294487
          ]
        ],
        "corners": [
          [
            264.27291870117193,
            229.2564392089844
          ],
          [
            316.71368408203125,
            236.68972778320315
          ],
          [
            324.06805419921875,
            184.5909118652344
          ],
          [
            271.58615112304693,
            177.39767456054688
          ]
        ]
      },
      {
        "id": 2,
        "center": [
          315.8947997387136,
          62.81038507901321
        ],
        "t": [
          -0.0004441615818436975,
          -0.01570906985393214,
          0.06466658826284123
        ],
        "R": [
          [
            -0.1617345935541272,
            -0.986723638600662,
            -0.014777762839876522
          ],
          [
            0.985913952819143,
            -0.1622122302206929,
            0.040753772872726544
          ],
          [
            -0.042609844923610536,
            -0.007978307683918875,
            0.9990599319971183
          ]
        ],
        "corners": [
          [
            294.71301269531244,
            33.6534080505371
          ],
          [
            286.49798583984364,
            83.49185943603516
          ],
          [
            337.1103515625,
            92.01383972167969
          ],
          [
            345.3829956054688,
            42.064620971679695
          ]
        ]
      },
      {
        "id": 3,
        "center": [
          419.18493472080746,
          363.6783984749642
        ],
        "t": [
          0.010527857800316669,
          0.017193456907237434,
          0.060548177248696274
        ],
        "R": [
          [
            -0.18670616951229818,
            -0.9823908714728654,
            0.006998707939999738
          ],
          [
            0.97210222412929,
            -0.18371184655908512,
            0.14583286075757593
          ],
          [
            -0.14197912560983092,
            0.034031354375572455,
            0.9892844862881618
          ]
        ],
        "corners": [
          [
            396.83526611328136,
            331.1053771972656
          ],
          [
            387.4302062988281,
            386.2576904296875
          ],
          [
            441.9931640625,
            396.91973876953125
          ],
          [
            450.5350036621095,
            341.3868408203125
          ]
        ]
      },
      {
        "id": 4,
        "center": [
          469.1496013492737,
          83.66626823863834
        ],
        "t": [
          0.016624873399396906,
          -0.013116158419278424,
          0.06361812397073853
        ],
        "R": [
          [
            0.16081621770892296,
            0.9863176020838286,
            0.03627301946906333
          ],
          [
            -0.982560289054772,
            0.15651139558983468,
            0.10039652097122254
          ],
          [
            0.09334571492253466,
            -0.05178581726813878,
            0.9942860788703982
          ]
        ],
        "corners": [
          [
            491.833251953125,
            112.84507751464845
          ],
          [
            498.5668334960937,
            62.4723014831543
          ],
          [
            446.91751098632807,
            55.06831741333008
          ],
          [
            439.40911865234375,
            105.09312438964844
          ]
        ]
      },
      {
        "id": 5,
        "center": [
          445.4214931574359,
          220.22803848678143
        ],
        "t": [
          0.013694398326963276,
          0.0020298379122933117,
          0.06234420881309385
        ],
        "R": [
          [
            0.9852545454876358,
            -0.1698959321481059,
            -0.020220109680186043
          ],
          [
            0.17079895010324025,
            0.9836060448933731,
            0.057852113987719174
          ],
          [
            0.01005978327715597,
            -0.06045263177681728,
            0.9981203735380183
          ]
        ],
        "corners": [
          [
            415.0382080078125,
            241.7992401123047
          ],
          [
            467.42813110351557,
            250.79327392578122
          ],
          [
            475.5926818847656,
            198.80741882324216
          ],
          [
            423.19158935546875,
            189.3527069091797
          ]
        ]
      }
    ]
  },
  {
    "frame": 1,
    "detections": [
      {
        "id": 0,
        "center": [
          273.43790089076356,
          343.2558149035153
        ],
        "t": [
          -0.0049492896117841224,
          0.01511924184003069,
          0.06093394220295704
        ],
        "R": [
          [
            -0.12323760636420811,
            -0.9916329581356151,
            -0.03842614626565177
          ],
          [
            0.9811892361883208,
            -0.12755480926885782,
            0.144904980661691
          ],
          [
            -0.14859399437998927,
            -0.01984557813705687,
            0.9886991341467867
          ]
        ],
        "corners": [
          [
            250.36618041992188,
            312.6016540527344
          ],
          [
            242.4143524169921,
            367.8540344238281
          ],
          [
            296.8312072753906,
            374.3372497558593
          ],
          [
            304.0584716796876,
            318.9771118164062
          ]
        ]
      },
      {
        "id": 1,
        "center": [
          294.1473219660342,
          207.1399369601304
        ],
        "t": [
          -0.0028301527681264048,
          0.0006194521845055969,
          0.06284505143624607
        ],
        "R": [
          [
            0.9895263762451887,
            -0.14102137162729303,
            -0.0308305604785613
          ],
          [
            0.14001800952220428,
            0.9896122634147673,
            -0.03259639717118048
          ],
          [
            0.0351070893767228,
            0.027938161060785047,
            0.9989929686599583
          ]
        ],
        "corners": [
          [
            264.28390502929676,
            229.38510131835935
          ],
          [
            316.6969909667969,
            236.78961181640625
          ],
          [
            323.959442138672,
            184.9329833984375
          ],
          [
            271.4782409667969,
            177.33325195312497
          ]
        ]
      },
      {
        "id": 2,
        "center": [
          315.8817940113826,
          62.84212492400531
        ],
        "t": [
          -0.00044065003884406073,
          -0.01564591428735255,
          0.06451090716979942
        ],
        "R": [
          [
            -0.15863932779263007,
            -0.9868978221608178,
            -0.029432164238095963
          ],
          [
            0.9853121079202918,
            -0.1601516726731393,
            0.05925784104797662
          ],
          [
            -0.06319504460932164,
            -0.019599243715801042,
            0.9978087271529521
          ]
        ],
        "corners": [
          [
            294.8628845214845,
            33.93500900268555
          ],
          [
            286.40637207031256,
            83.61717224121094
          ],
          [
            337.36987304687494,
            92.39448547363281
          ],
          [
            345.0848388671875,
            42.2590560913086
          ]
        ]
      },
      {
        "id": 3,
        "center": [
          418.98192548775194,
          363.9386130253873
        ],
        "t": [
          0.01055131449899459,
          0.01726450607255734,
          0.06077083324420816
        ],
        "R": [
          [
            -0.17908831011830517,
            -0.9741447872093045,
            0.13772912085652145
          ],
          [
            0.9779217223908149,
            -0.1609362290337639,
            0.13329904373465806
          ],
          [
            -0.10768696325531808,
            0.15856059957420796,
            0.9814591454602252
          ]
        ],
        "corners": [
          [
            396.56958007812506,
            330.90856933593767
          ],
          [
            387.8140563964845,
            385.9495239257813
          ],
          [
            441.7804260253906,
            397.5377502441405
          ],
          [
            450.72064208984364,
            341.5245666503906
          ]
        ]
      },
      {
        "id": 4,
        "center": [
          469.0240659130188,
          83.9154583368125
        ],
        "t": [
          0.016581705808007066,
          -0.013067591002947493,
          0.06354283153068717
        ],
        "R": [
          [
            0.16316485531584046,
            0.9861640152998536,
            0.029287623963571208
          ],
          [
            -0.9807060555461611,
            0.15887917281550912,
            0.11389925838454586
          ],
          [
            0.10767015651911536,
            -0.04730690618852906,
            0.9930605188114261
          ]
        ],
        "corners": [
          [
            491.721435546875,
            113.07124328613278
          ],
          [
            498.23779296874994,
            63.02691268920897
          ],
          [
            446.77282714843744,
            55.33274841308595
          ],
          [
            439.11972045898443,
            105.29781341552734
          ]
        ]
      },
      {
        "id": 5,
        "center": [
          445.11415761424547,
          220.41827277995705
        ],
        "t": [
          0.01373618101653729,
          0.002056550279599179,
          0.06263581204130973
        ],
        "R": [
          [
            0.9855938217362143,
            -0.16895312554147124,
            0.00772398376298479
          ],
          [
            0.16859950836901588,
            0.9850925913742943,
            0.034158340082680275
          ],
          [
            -0.013379997501089012,
            -0.032363989081164675,
            0.9993865858003224
          ]
        ],
        "corners": [
          [
            415.0744934082032,
            241.77247619628903
          ],
          [
            467.05780029296875,
            251.10633850097653
          ],
          [
            475.4246215820312,
            198.87156677246094
          ],
          [
            423.0168151855469,
            189.51525878906253
          ]
        ]
      }
    ]
  },
  {
    "frame": 2,
    "detections": [
      {
        "id": 0,
        "center": [
          273.4139712787082,
          343.2785846239013
        ],
        "t": [
          -0.004931930018624584,
          0.015077752549215548,
          0.06077168474377357
        ],
        "R": [
          [
            -0.12694415400338033,
            -0.9918721175204593,
            -0.008653568619037447
          ],
          [
            0.9845118748385882,
            -0.1270560922438279,
            0.12080197732461086
          ],
          [
            -0.12091960166231909,
            0.006815563748235436,
            0.9926389061610571
          ]
        ],
        "corners": [
          [
            250.4681549072266,
            312.5896911621093
          ],
          [
            242.4170227050782,
            367.6097412109375
          ],
          [
            296.7059936523437,
            374.43051147460943
          ],
          [
            304.38873291015614,
            318.96484375
          ]
        ]
      },
      {
        "id": 1,
        "center": [
          294.1219618786902,
          207.28366945210905
        ],
        "t": [
          -0.002837610505492678,
          0.0006363834118702919,
          0.06296376028327334
        ],
        "R": [
          [
            0.9895731681929625,
            -0.1429401518557033,
            -0.01769343889729381
          ],
          [
            0.14236948760302284,
            0.9893543290715923,
            -0.030148640880686292
          ],
          [
            0.02181453167492969,
            0.02731528024326947,
            0.9993888140623924
          ]
        ],
        "corners": [
          [
            264.2792358398438,
            229.4497528076172
          ],
          [
            316.5280456542969,
            236.93554687500006
          ],
          [
            323.9658203124999,
            185.11674499511722
          ],
          [
            271.63418579101557,
            177.52368164062497
          ]
        ]
      },
      {
        "id": 2,
        "center": [
          315.73210895102244,
          63.207935582259374
        ],
        "t": [
          -0.00045291518043281346,
          -0.01564032037292555,
          0.0645964396988741
        ],
        "R": [
          [
            -0.16449757168578377,
            -0.9863647489467081,
            -0.005013077376032814
          ],
          [
            0.9847892378888585,
            -0.16451887551921918,
            0.05589003968663058
          ],
          [
            -0.05595271081692069,
            0.004256951161251583,
            0.998424344915051
          ]
        ],
        "corners": [
          [
            294.7347717285156,
            34.27009201049805
          ],
          [
            286.3560791015625,
            83.77061462402345
          ],
          [
            337.0357055664063,
            92.56785583496094
          ],
          [
            345.29696655273443,
            42.513080596923814
          ]
        ]
      },
      {
        "id": 3,
        "center": [
          418.9716514325791,
          363.9079073007562
        ],
        "t": [
          0.010543312857743833,
          0.017261018461930008,
          0.06073975196856957
        ],
        "R": [
          [
            -0.18353199089967465,
            -0.9803112081507476,
            0.07284190751499472
          ],
          [
            0.9734778392849472,
            -0.17095561204843834,
            0.152036426984634
          ],
          [
            -0.13659028053822783,
            0.09881353087085398,
            0.9856870605721285
          ]
        ],
        "corners": [
          [
            396.51367187500006,
            331.0319519042968
          ],
          [
            387.64443969726557,
            386.21255493164057
          ],
          [
            441.8841857910156,
            397.44927978515636
          ],
          [
            450.4203186035157,
            341.5167846679688
          ]
        ]
      },
      {
        "id": 4,
        "center": [
          468.86710640419153,
          84.21390209082752
        ],
        "t": [
          0.016613529544979664,
          -0.013080549672200547,
          0.06370580018993162
        ],
        "R": [
          [
            0.16527449197495842,
            0.9855083935574214,
            0.03817785392464254
          ],
          [
            -0.9821555337679031,
            0.16094274287011257,
            0.09730334529979232
          ],
          [
            0.0897488149866349,
            -0.05357835146135742,
            0.9945222523720513
          ]
        ],
        "corners": [
          [
            491.2977600097657,
            113.34449005126953
          ],
          [
            498.4339904785157,
            63.13018798828124
          ],
          [
            446.7147521972656,
            55.44474029541016
          ],
          [
            439.05981445312494,
            105.46904754638672
          ]
        ]
      },
      {
        "id": 5,
        "center": [
          445.11697676863605,
          220.41866116587204
        ],
        "t": [
          0.013671205464380156,
          0.002058353737446439,
          0.062376616288985116
        ],
        "R": [
          [
            0.9841764053616238,
            -0.17663164586724334,
            -0.014073549932451742
          ],
          [
            0.17718860995165434,
            0.9806034021228118,
            0.08379238777220918
          ],
          [
            -0.0009998164196441412,
            -0.08496016374393645,
            0.9963838471912972
          ]
        ],
        "corners": [
          [
            414.59545898437494,
            241.84307861328125
          ],
          [
            467.1524658203125,
            251.2088317871094
          ],
          [
            475.3420715332032,
            199.20231628417966
          ],
          [
            423.0838928222656,
            189.631851196289
          ]
        ]
      }
    ]
  },
  {
    "frame": 3,
    "detections": [
      {
        "id": 0,
        "center": [
          273.27758837431526,
          343.1386863668075
        ],
        "t": [
          -0.004971364962111834,
          0.015123726680855883,
          0.06100730543672963
        ],
        "R": [
          [
            -0.12355090823786874,
            -0.9923231963890164,
            0.00546323913827218
          ],
          [
            0.9713021589469092,
            -0.11980241077334142,
            0.20547383871911398
          ],
          [
            -0.20324194719267627,
            0.030692935362715043,
            0.9786473596858828
          ]
        ],
        "corners": [
          [
            250.49792480468753,
            312.5425415039062
          ],
          [
            242.1731262207031,
            367.5946960449218
          ],
          [
            296.5962219238281,
            374.45874023437506
          ],
          [
            304.01312255859375,
            318.9727478027344
          ]
        ]
      },
      {
        "id": 1,
        "center": [
          294.01486384475436,
          206.90543658316543
        ],
        "t": [
          -0.002827290176079972,
          0.0005938738182122349,
          0.06264332408342091
        ],
        "R": [
          [
            0.9906965705898082,
            -0.13364316386090697,
            0.025686762638355117
          ],
          [
            0.12953357797641474,
            0.9838995922164242,
            0.12313669076673257
          ],
          [
            -0.04172957222666596,
            -0.11866379898520267,
            0.9920572290005143
          ]
        ],
        "corners": [
          [
            264.2427368164062,
            229.3216857910156
          ],
          [
            316.9636840820313,
            236.805160522461
          ],
          [
            323.7012939453126,
            184.55371093750003
          ],
          [
            271.5655822753906,
            177.65655517578122
          ]
        ]
      },
      {
        "id": 2,
        "center": [
          315.9373582557699,
          63.0181171484065
        ],
        "t": [
          -0.00043385330267537445,
          -0.01566035966993028,
          0.06460735609996271
        ],
        "R": [
          [
            -0.15844987406784655,
            -0.9868271113042255,
            -0.03264796782103293
          ],
          [
            0.9855399135448546,
            -0.1600808222848979,
            0.055544659028496306
          ],
          [
            -0.060039288952190975,
            -0.023374831155549326,
            0.9979222920902032
          ]
        ],
        "corners": [
          [
            294.80929565429693,
            34.00479125976564
          ],
          [
            286.5921630859375,
            83.64868927001955
          ],
          [
            337.3488464355468,
            92.42064666748045
          ],
          [
            345.2228698730469,
            42.42950439453123
          ]
        ]
      },
      {
        "id": 3,
        "center": [
          419.1818019345457,
          363.9294031823176
        ],
        "t": [
          0.010520221745753577,
          0.017186556773368306,
          0.06048640191254943
        ],
        "R": [
          [
            -0.1893843071000911,
            -0.9818771005439632,
            0.007137482160868486
          ],
          [
            0.9716606887817377,
            -0.1863566840483416,
            0.14541902278142732
          ],
          [
            -0.14145349094461085,
            0.034475291701229926,
            0.9893444112955296
          ]
        ],
        "corners": [
          [
            396.78817749023426,
            330.8214721679688
          ],
          [
            387.7843322753905,
            386.3218078613281
          ],
          [
            441.8027648925781,
            397.37344360351557
          ],
          [
            450.5417175292969,
            341.56378173828125
          ]
        ]
      },
      {
        "id": 4,
        "center": [
          469.11987737396925,
          83.90964068230926
        ],
        "t": [
          0.016581804981364554,
          -0.01306652997594486,
          0.06351968489279246
        ],
        "R": [
          [
            0.1608039388069355,
            0.9866806278463266,
            0.024564850843314667
          ],
          [
            -0.9818613698569442,
            0.15738634242291416,
            0.1057250660977927
          ],
          [
            0.10045070257007076,
            -0.04112028515849708,
            0.9940919366445253
          ]
        ],
        "corners": [
          [
            491.74261474609375,
            113.03435516357423
          ],
          [
            498.2943420410157,
            62.96034622192382
          ],
          [
            446.8018493652344,
            55.17721176147459
          ],
          [
            439.2091979980468,
            105.38758850097656
          ]
        ]
      },
      {
        "id": 5,
        "center": [
          445.28461929752774,
          220.3785921103298
        ],
        "t": [
          0.01366711263156122,
          0.0020441674737936458,
          0.06228596096725182
        ],
        "R": [
          [
            0.9845708975227778,
            -0.17264491174667668,
            -0.028528620702262114
          ],
          [
            0.17441617591864722,
            0.9813818028343899,
            0.08042856857757959
          ],
          [
            0.014111886093176736,
            -0.08416348087802196,
            0.9963520277278448
          ]
        ],
        "corners": [
          [
            414.9382629394531,
            241.87509155273438
          ],
          [
            467.34344482421875,
            251.04844665527344
          ],
          [
            475.3549499511719,
            199.0776214599609
          ],
          [
            423.04547119140625,
            189.45802307128903
          ]
        ]
      }
    ]
  },
  {
    "frame": 4,
    "detections": [
      {
        "id": 0,
        "center": [
          273.3452819840276,
          343.1247334100899
        ],
        "t": [
          -0.00495769180396627,
          0.01511356769986635,
          0.06098178769262425
        ],
        "R": [
          [
            -0.12596929917690303,
            -0.9920341140752904,
            -0.00022842008122014867
          ],
          [
            0.9807387022360456,
            -0.12456963942421667,
            0.15044601314118425
          ],
          [
            -0.14927603156982902,
            0.018727558425333593,
            0.9886181997890738
          ]
        ],
        "corners": [
          [
            250.556640625,
            312.5240783691406
          ],
          [
            242.36520385742185,
            367.4656982421875
          ],
          [
            296.5475158691406,
            374.28076171875
          ],
          [
            304.22198486328125,
            318.86499023437494
          ]
        ]
      },
      {
        "id": 1,
        "center": [
          294.1761748303343,
          206.81540637730225
        ],
        "t": [
          -0.002812255013048181,
          0.0005838167259265117,
          0.06255201525720012
        ],
        "R": [
          [
            0.9878855236704959,
            -0.12815462264877855,
            -0.0875133407888121
          ],
          [
            0.14152127760466054,
            0.9753638674379072,
            0.16922486248099794
          ],
          [
            0.06367040213014359,
            -0.1795597916859931,
            0.9816844508813759
          ]
        ],
        "corners": [
          [
            264.0457458496094,
            229.27864074707028
          ],
          [
            316.9172058105469,
            236.71127319335938
          ],
          [
            323.59048461914057,
            184.88606262207034
          ],
          [
            271.76147460937494,
            177.34854125976565
          ]
        ]
      },
      {
        "id": 2,
        "center": [
          315.8592072646728,
          62.912822065033126
        ],
        "t": [
          -0.00043239054011021886,
          -0.01567531105668932,
          0.06458509889712888
        ],
        "R": [
          [
            -0.16639540511357964,
            -0.9859162141746329,
            0.01678653581435017
          ],
          [
            0.9849112102892048,
            -0.16535641718264638,
            0.05106038722114001
          ],
          [
            -0.047565502244188054,
            0.025029461122392564,
            0.9985544797717252
          ]
        ],
        "corners": [
          [
            294.8617553710938,
            34.06411743164063
          ],
          [
            286.56869506835943,
            83.46839141845703
          ],
          [
            337.1855163574219,
            92.21334838867188
          ],
          [
            345.6318664550781,
            42.018890380859375
          ]
        ]
      },
      {
        "id": 3,
        "center": [
          419.15943426076433,
          363.86505789326264
        ],
        "t": [
          0.010554443384731903,
          0.01724516593420125,
          0.06069348580550731
        ],
        "R": [
          [
            -0.1890243966207623,
            -0.9818995109140553,
            0.011963609359007088
          ],
          [
            0.9698144597908767,
            -0.18475898913134386,
            0.15913525541404658
          ],
          [
            -0.1540444450887032,
            0.0416829269833857,
            0.9871843001868553
          ]
        ],
        "corners": [
          [
            396.8438415527343,
            331.00061035156244
          ],
          [
            387.77600097656244,
            386.2822875976562
          ],
          [
            441.8635559082032,
            397.30169677734375
          ],
          [
            450.3918151855468,
            341.5557250976562
          ]
        ]
      },
      {
        "id": 4,
        "center": [
          468.9193058565642,
          83.89675643845354
        ],
        "t": [
          0.01660287523010128,
          -0.013091251989891495,
          0.0635909535177084
        ],
        "R": [
          [
            0.16367108291683305,
            0.985935483834704,
            0.03380825834701891
          ],
          [
            -0.9810360689667211,
            0.15905965706493808,
            0.11076216357902663
          ],
          [
            0.10382681736022663,
            -0.05129568412656151,
            0.993271737636199
          ]
        ],
        "corners": [
          [
            491.6416320800782,
            113.11264038085939
          ],
          [
            498.4840698242188,
            62.76157379150391
          ],
          [
            446.69400024414057,
            55.319931030273445
          ],
          [
            439.36340332031244,
            105.02560424804688
          ]
        ]
      },
      {
        "id": 5,
        "center": [
          445.2765310396259,
          220.10407646665675
        ],
        "t": [
          0.013644837382616012,
          0.0020276584234129626,
          0.062174498299970724
        ],
        "R": [
          [
            0.9833761903637095,
            -0.17749140180717204,
            -0.03831540826198994
          ],
          [
            0.1808281430610768,
            0.9764358877289623,
            0.11778853862764482
          ],
          [
            0.01650608684215485,
            -0.12275894851080463,
            0.9922992440074118
          ]
        ],
        "corners": [
          [
            414.8007202148438,
            241.66587829589844
          ],
          [
            467.4587097167969,
            251.13787841796875
          ],
          [
            475.1354064941405,
            198.978759765625
          ],
          [
            423.32443237304693,
            189.39216613769534
          ]
        ]
      }
    ]
  },
  {
    "frame": 5,
    "detections": [
      {
        "id": 0,
        "center": [
          273.4996995221666,
          343.1508888930055
        ],
        "t": [
          -0.004946557117586002,
          0.015123472103876621,
          0.060991236786483743
        ],
        "R": [
          [
            -0.12620161189545348,
            -0.9914335734748326,
            -0.03365445797977448
          ],
          [
            0.9780582446081156,
            -0.13002447703055298,
            0.16277501505766295
          ],
          [
            -0.16575651814960538,
            -0.012373550818351967,
            0.9860890791054656
          ]
        ],
        "corners": [
          [
            250.56393432617185,
            312.54260253906244
          ],
          [
            242.2893371582031,
            367.58184814453125
          ],
          [
            296.8399353027343,
            374.2989501953125
          ],
          [
            304.27453613281244,
            319.06085205078125
          ]
        ]
      },
      {
        "id": 1,
        "center": [
          294.24362483043103,
          207.03151215249264
        ],
        "t": [
          -0.002820057080766425,
          0.000606899543013363,
          0.06288984848375646
        ],
        "R": [
          [
            0.9908418964400769,
            -0.13228814262214267,
            -0.027058890971666777
          ],
          [
            0.1339621808560033,
            0.9882055166594991,
            0.07418888693083378
          ],
          [
            0.01692543527760486,
            -0.07713432546743502,
            0.9968770362864958
          ]
        ],
        "corners": [
          [
            264.4618225097657,
            229.5675506591797
          ],
          [
            316.93365478515625,
            236.7250518798828
          ],
          [
            323.7913818359374,
            184.67257690429685
          ],
          [
            271.69305419921875,
            177.52047729492185
          ]
        ]
      },
      {
        "id": 2,
        "center": [
          315.78120624356075,
          62.94630217811798
        ],
        "t": [
          -0.00045007526183482284,
          -0.01566042198484873,
          0.06455916103894169
        ],
        "R": [
          [
            -0.16527497571295113,
            -0.9862399256046976,
            0.0038718918275385747
          ],
          [
            0.985425465953749,
            -0.16497568431511556,
            0.041468959892860965
          ],
          [
            -0.0402595759157971,
            0.010669242147408642,
            0.9991322904496082
          ]
        ],
        "corners": [
          [
            294.780029296875,
            33.87723159790039
          ],
          [
            286.36444091796875,
            83.67817687988281
          ],
          [
            337.043212890625,
            92.37640380859375
          ],
          [
            345.3675842285156,
            42.094890594482415
          ]
        ]
      },
      {
        "id": 3,
        "center": [
          419.11873300455966,
          363.85477434587
        ],
        "t": [
          0.010582374236643974,
          0.017291344215940488,
          0.06085250568144495
        ],
        "R": [
          [
            -0.18625742986793686,
            -0.9822401855312974,
            0.022635983443026753
          ],
          [
            0.973420646834212,
            -0.18136197419095257,
            0.13985735102033178
          ],
          [
            -0.1332682037691454,
            0.048083804394024536,
            0.989912891935014
          ]
        ],
        "corners": [
          [
            397.0032043457032,
            331.2658081054688
          ],
          [
            387.7998962402344,
            386.2663269042969
          ],
          [
            441.6795959472656,
            397.0999755859374
          ],
          [
            450.4471435546875,
            341.4363708496094
          ]
        ]
      },
      {
        "id": 4,
        "center": [
          468.98837499531743,
          84.1354112455001
        ],
        "t": [
          0.016611514854350813,
          -0.01308265618690676,
          0.06363672653065519
        ],
        "R": [
          [
            0.16178940227834657,
            0.9861490799166572,
            0.03652644918338112
          ],
          [
            -0.9818884453882427,
            0.1571718914198366,
            0.10579261486781906
          ],
          [
            0.09858635870887444,
            -0.05298102232915054,
            0.993717133368185
          ]
        ],
        "corners": [
          [
            491.5884704589844,
            113.08922576904295
          ],
          [
            498.53555297851574,
            62.95083999633788
          ],
          [
            446.58270263671875,
            55.43067932128906
          ],
          [
            439.36907958984364,
            105.37168884277345
          ]
        ]
      },
      {
        "id": 5,
        "center": [
          445.05167377323767,
          220.34626767067493
        ],
        "t": [
          0.013768424747576571,
          0.002061984796666969,
          0.06280486813708272
        ],
        "R": [
          [
            0.9850150708175689,
            -0.16898494733763642,
            0.03448764757933972
          ],
          [
            0.16732336041381712,
            0.9848076619517747,
            0.046440951981060796
          ],
          [
            -0.04181152140365559,
            -0.03997444851871733,
            0.9983255181269965
          ]
        ],
        "corners": [
          [
            414.94372558593756,
            241.7281494140625
          ],
          [
            467.179443359375,
            251.07518005371094
          ],
          [
            475.4030151367187,
            198.79153442382812
          ],
          [
            423.0030822753906,
            189.72731018066406
          ]
        ]
      }
    ]
  }
]