[
  {
    "frame": 0,
    "detections": [
      {
        "id": 1,
        "center": [
          404.55811264732193,
          299.9683202477765
        ],
        "t": [
          0.005838804632610372,
          0.00678299181973306,
          0.03938500686119652
        ],
        "R": [
          [
            0.9858005604338007,
            -0.1371309187582778,
            0.09691422067433791
          ],
          [
            0.13972474090231563,
            0.9899787326616645,
            -0.02047207017830599
          ],
          [
            -0.09313566356763887,
            0.033722692628485845,
            0.9950821715686098
          ]
        ],
        "corners": [
          [
            357.14172363281244,
            334.47341918945307
          ],
          [
            440.6741333007813,
            348.1191711425782
          ],
          [
            452.9840393066406,
            264.72857666015625
          ],
          [
            368.5974731445312,
            252.02462768554682
          ]
        ]
      },
      {
        "id": 2,
        "center": [
          442.5395804099886,
          62.269106624920454
        ],
        "t": [
          0.00836420399919173,
          -0.009484014489311736,
          0.03892131049217942
        ],
        "R": [
          [
            -0.1584077418771617,
            -0.9825691757884866,
            0.09728721449251704
          ],
          [
            0.9813531964369073,
            -0.1675400939384197,
            -0.09421369733839081
          ],
          [
            0.10887098399685206,
            0.0805489398654018,
            0.9907870493350814
          ]
        ],
        "corners": [
          [
            407.82217407226557,
            12.95196437835694
          ],
          [
            393.1685791015625,
            98.38331604003908
          ],
          [
            477.3337097167969,
            111.69523620605469
          ],
          [
            493.4134826660156,
            25.05554580688476
          ]
        ]
      }
    ]
  },
  {
    "frame": 1,
    "detections": [
      {
        "id": 1,
        "center": [
          404.3980035212377,
          299.7407913128409
        ],
        "t": [
          0.005850163694826639,
          0.006793935027088013,
          0.03952310139108531
        ],
        "R": [
          [
            0.9845849373610183,
            -0.13897392188208027,
            0.10620146024661127
          ],
          [
            0.13976029189986502,
            0.9901853661525427,
            3.8280817104742286e-05
          ],
          [
            -0.1051644518355113,
            0.014805056368347112,
            0.9943446325978064
          ]
        ],
        "corners": [
          [
            357.07400512695307,
            334.2318725585938
          ],
          [
            440.5652465820313,
            348.0844421386718
          ],
          [
            452.67059326171886,
            264.558349609375
          ],
          [
            368.6690368652343,
            251.98297119140634
          ]
        ]
      },
      {
        "id": 2,
        "center": [
          442.9312723259878,
          62.357044438191814
        ],
        "t": [
          0.008369231786563089,
          -0.009466482329848213,
          0.038868956031159536
        ],
        "R": [
          [
            -0.15623276911270317,
            -0.9857030837448344,
            0.0630932052704608
          ],
          [
            0.9802391313774106,
            -0.16257983898061246,
            -0.1126900229545535
          ],
          [
            0.12133658628722185,
            0.04424055439256918,
            0.9916250330519101
          ]
        ],
        "corners": [
          [
            408.15521240234375,
            12.661348342895511
          ],
          [
            393.1166076660157,
            98.6514663696289
          ],
          [
            477.2966918945312,
            111.46592712402342
          ],
          [
            493.71145629882807,
            25.359155654907212
          ]
        ]
      }
    ]
  },
  {
    "frame": 2,
    "detections": [
      {
        "id": 1,
        "center": [
          404.593897722457,
          299.694721990397
        ],
        "t": [
          0.005862905132427097,
          0.0067994595174476835,
          0.03954964592620661
        ],
        "R": [
          [
            0.9850641578643616,
            -0.14273771192592177,
            0.0963044676280796
          ],
          [
            0.14244629700529196,
            0.9897527210598872,
            0.009929935751494258
          ],
          [
            -0.09673498519385534,
            0.0039365909999930435,
            0.9953023891716745
          ]
        ],
        "corners": [
          [
            356.9644165039062,
            334.15301513671875
          ],
          [
            440.80712890625,
            348.0777893066406
          ],
          [
            452.74459838867193,
            264.85934448242193
          ],
          [
            368.8537292480468,
            251.9436950683594
          ]
        ]
      },
      {
        "id": 2,
        "center": [
          443.00693875727023,
          62.22973842568661
        ],
        "t": [
          0.008382032020341497,
          -0.009481644256865058,
          0.03891631820544834
        ],
        "R": [
          [
            -0.15675810043170618,
            -0.9854362093977338,
            0.06589670065237738
          ],
          [
            0.9813392942431125,
            -0.16293426601297195,
            -0.10210589862120631
          ],
          [
            0.11135568024790246,
            0.04866109500042102,
            0.9925885402874077
          ]
        ],
        "corners": [
          [
            408.35784912109375,
            12.815439224243159
          ],
          [
            393.13455200195307,
            98.65706634521484
          ],
          [
            477.4061584472657,
            111.28768920898436
          ],
          [
            493.56536865234375,
            25.301317214965806
          ]
        ]
      }
    ]
  },
  {
    "frame": 3,
    "detections": [
      {
        "id": 1,
        "center": [
          404.6136470742033,
          299.81981780494414
        ],
        "t": [
          0.005832359437843017,
          0.006768931913919321,
          0.03935469535119672
        ],
        "R": [
          [
            0.9869294820014751,
            -0.1377468351371542,
            0.08364213630699135
          ],
          [
            0.13923423747074043,
            0.9901844424759138,
            -0.012190036694203864
          ],
          [
            -0.0811420031318002,
            0.023676555669317284,
            0.9964212944530023
          ]
        ],
        "corners": [
          [
            357.03018188476557,
            334.54779052734375
          ],
          [
            440.8660583496093,
            347.933349609375
          ],
          [
            452.7955017089844,
            264.6551208496094
          ],
          [
            368.4295959472656,
            251.7970123291015
          ]
        ]
      },
      {
        "id": 2,
        "center": [
          442.71274085323773,
          62.25066475201249
        ],
        "t": [
          0.008372728590938152,
          -0.009482493702252981,
          0.03891787867215579
        ],
        "R": [
          [
            -0.16027323609706745,
            -0.9819544892739922,
            0.1003885988826784
          ],
          [
            0.9816101820881054,
            -0.16924470934089397,
            -0.0883044663710307
          ],
          [
            0.10370120641501634,
            0.08438962824168601,
            0.9910219222768486
          ]
        ],
        "corners": [
          [
            408.0970153808594,
            13.025707244873056
          ],
          [
            393.1632995605469,
            98.40916442871097
          ],
          [
            477.45428466796875,
            111.65454101562499
          ],
          [
            493.608612060547,
            25.10961341857908
          ]
        ]
      }
    ]
  },
  {
    "frame": 4,
    "detections": [
      {
        "id": 1,
        "center": [
          404.50205348978125,
          299.7377210509965
        ],
        "t": [
          0.00585105131684136,
          0.006791012245022249,
          0.03950456897682926
        ],
        "R": [
          [
            0.9855435291205636,
            -0.14386206496089193,
            0.08948552102866543
          ],
          [
            0.14299445915808945,
            0.989593088194757,
            0.01606562937609998
          ],
          [
            -0.09086548772041597,
            -0.0030374433908907233,
            0.9958585427052268
          ]
        ],
        "corners": [
          [
            356.951904296875,
            334.3429260253907
          ],
          [
            440.63336181640625,
            348.24322509765625
          ],
          [
            452.6289672851563,
            264.7127685546875
          ],
          [
            368.77001953125006,
            251.76823425292974
          ]
        ]
      },
      {
        "id": 2,
        "center": [
          442.65144977491354,
          62.034273477142456
        ],
        "t": [
          0.00835919861675211,
          -0.009476283233950313,
          0.03886761299412431
        ],
        "R": [
          [
            -0.16310981614959025,
            -0.9813631257175798,
            0.10159529200444559
          ],
          [
            0.9827847071423206,
            -0.17067060996180453,
            -0.07075141201734805
          ],
          [
            0.08677215730192339,
            0.08830604949315408,
            0.9923067239216324
          ]
        ],
        "corners": [
          [
            408.23712158203125,
            13.020711898803702
          ],
          [
            393.0204162597656,
            98.29631042480469
          ],
          [
            477.5632629394532,
            111.75636291503908
          ],
          [
            493.3506774902345,
            24.99177932739259
          ]
        ]
      }
    ]
  },
  {
    "frame": 5,
    "detections": [
      {
        "id": 1,
        "center": [
          404.7398616896847,
          299.743049749516
        ],
        "t": [
          0.0058424540485097825,
          0.0067681372123421105,
          0.039351082561275626
        ],
        "R": [
          [
            0.9865499039023806,
            -0.1425702907670059,
            0.0799562336582555
          ],
          [
            0.1433502205039241,
            0.9896636500413948,
            -0.00407112616115532
          ],
          [
            -0.07854935640524667,
            0.015478112848636455,
            0.9967900614627768
          ]
        ],
        "corners": [
          [
            356.83740234374994,
            334.4065246582031
          ],
          [
            440.9225158691406,
            348.07507324218756
          ],
          [
            453.09713745117193,
            264.75045776367193
          ],
          [
            368.8391418457032,
            251.7876281738281
          ]
        ]
      },
      {
        "id": 2,
        "center": [
          442.9199278053337,
          62.347087973003646
        ],
        "t": [
          0.008366449520258732,
          -0.009464853549620582,
          0.0388498407004291
        ],
        "R": [
          [
            -0.15626947467742247,
            -0.9863409725339456,
            0.05207050206050856
          ],
          [
            0.9811019294378055,
            -0.16109740911464204,
            -0.10717569141351715
          ],
          [
            0.11410019867405309,
            0.03433818104298035,
            0.9928756387308539
          ]
        ],
        "corners": [
          [
            408.0512390136719,
            12.553836822509775
          ],
          [
            393.26260375976557,
            98.51921844482423
          ],
          [
            477.34069824218756,
            111.50070190429688
          ],
          [
            493.5556640625001,
            25.46224784851074
          ]
        ]
      }
    ]
  }
]