[
  {
    "frame": 0,
    "detections": [
      {
        "id": 1,
        "center": [
          452.359087042631,
          186.04980066529947
        ],
        "t": [
          0.009054430145303953,
          -0.001050858327041737,
          0.03903259382744614
        ],
        "R": [
          [
            0.9686769007426563,
            -0.23356066694056118,
            0.08434735814405388
          ],
          [
            0.23082404864187317,
            0.9721315350078366,
            0.040994355853972264
          ],
          [
            -0.09157139584048729,
            -0.020240886877510845,
            0.9955927811923089
          ]
        ],
        "corners": [
          [
            400.8544311523438,
            217.6592712402344
          ],
          [
            484.8180236816406,
            237.55339050292972
          ],
          [
            504.2741394042968,
            154.18846130371097
          ],
          [
            420.60949707031244,
            135.67175292968747
          ]
        ]
      }
    ]
  },
  {
    "frame": 1,
    "detections": [
      {
        "id": 1,
        "center": [
          452.3269100037194,
          186.38548511117023
        ],
        "t": [
          0.009081259190553324,
          -0.0010360974282150525,
          0.039154329612999625
        ],
        "R": [
          [
            0.9681869745248585,
            -0.2241880329166114,
            0.11114723684096756
          ],
          [
            0.2298903859411065,
            0.9723400073785365,
            -0.04129552642790227
          ],
          [
            -0.09881494225192294,
            0.06553347196729961,
            0.9929456033638803
          ]
        ],
        "corners": [
          [
            400.92742919921875,
            217.6870422363281
          ],
          [
            484.13760375976557,
            237.4002075195313
          ],
          [
            505.0236511230469,
            154.2939147949219
          ],
          [
            420.7295532226563,
            135.71289062499997
          ]
        ]
      }
    ]
  },
  {
    "frame": 2,
    "detections": [
      {
        "id": 1,
        "center": [
          452.3745010520347,
          186.49258368185482
        ],
        "t": [
          0.009077810127694957,
          -0.001031160198794217,
          0.03913463893150303
        ],
        "R": [
          [
            0.9708809634481613,
            -0.22174344783223188,
            0.09066420549171406
          ],
          [
            0.22674080658000934,
            0.9727210473709453,
            -0.04901398405576804
          ],
          [
            -0.07732245110843461,
            0.06814401914362388,
            0.9946746358531202
          ]
        ],
        "corners": [
          [
            401.0516967773437,
            217.82588195800778
          ],
          [
            484.2323303222657,
            237.27076721191412
          ],
          [
            504.8314514160157,
            154.4668731689453
          ],
          [
            420.50708007812506,
            135.6991119384765
          ]
        ]
      }
    ]
  },
  {
    "frame": 3,
    "detections": [
      {
        "id": 1,
        "center": [
          452.29327429337985,
          186.452519280537
        ],
        "t": [
          0.009078177175818826,
          -0.0010358978094731932,
          0.03915346776970222
        ],
        "R": [
          [
            0.9702877766878933,
            -0.2200411029879915,
            0.10061582085284901
          ],
          [
            0.22667611765800766,
            0.9721219706126718,
            -0.059973426912499635
          ],
          [
            -0.08461423103448702,
            0.0809986867051806,
            0.9931161284857267
          ]
        ],
        "corners": [
          [
            401.1241760253906,
            217.69837951660156
          ],
          [
            484.1015014648437,
            237.251235961914
          ],
          [
            504.85388183593744,
            154.35694885253903
          ],
          [
            420.43432617187494,
            135.5727996826172
          ]
        ]
      }
    ]
  },
  {
    "frame": 4,
    "detections": [
      {
        "id": 1,
        "center": [
          452.36890532821894,
          186.3466257355659
        ],
        "t": [
          0.009073593853325871,
          -0.0010398780307142416,
          0.03912275038525138
        ],
        "R": [
          [
            0.9691812484192598,
            -0.22942734920258728,
            0.08972624560494716
          ],
          [
            0.231176100567143,
            0.9728658550113818,
            -0.009467770568829945
          ],
          [
            -0.0851194351429532,
            0.029918549277127168,
            0.9959214638565115
          ]
        ],
        "corners": [
          [
            400.8547668457031,
            217.58065795898438
          ],
          [
            484.39193725585943,
            237.39245605468744
          ],
          [
            504.71466064453125,
            154.60836791992188
          ],
          [
            420.5624694824218,
            135.64605712890634
          ]
        ]
      }
    ]
  },
  {
    "frame": 5,
    "detections": [
      {
        "id": 1,
        "center": [
          452.3452208099316,
          186.5718770498031
        ],
        "t": [
          0.009065344885955366,
          -0.0010266909433179503,
          0.03909778599098069
        ],
        "R": [
          [
            0.972383139304078,
            -0.2163037077067244,
            0.08765692459509744
          ],
          [
            0.2228049348073895,
            0.9721487095800693,
            -0.07269695652007285
          ],
          [
            -0.06949094489659512,
            0.09021969016866745,
            0.993494547586069
          ]
        ],
        "corners": [
          [
            401.0611572265625,
            217.98976135253903
          ],
          [
            484.1999511718749,
            237.08247375488284
          ],
          [
            504.8434143066407,
            154.41018676757818
          ],
          [
            420.2571411132813,
            135.6912689208984
          ]
        ]
      }
    ]
  }
]