[
  {
    "frame": 0,
    "detections": [
      {
        "id": 1,
        "center": [
          194.02986202647605,
          149.42620162557606
        ],
        "t": [
          -0.00855633153863342,
          -0.0035343696962216843,
          0.03884216903077373
        ],
        "R": [
          [
            0.9750933598166114,
            0.22125687166064611,
            -0.015438147055167505
          ],
          [
            -0.22172122890111257,
            0.9741984829032433,
            -0.04215462683502201
          ],
          [
            0.005712818580442461,
            0.04452766164940493,
            0.998991817309783
          ]
        ],
        "corners": [
          [
            162.38961791992193,
            200.54103088378906
          ],
          [
            245.4978485107422,
            181.81597900390622
          ],
          [
            225.65368652343741,
            98.33789825439456
          ],
          [
            142.4080047607422,
            116.93959045410159
          ]
        ]
      },
      {
        "id": 3,
        "center": [
          467.49023927337686,
          313.01630863138604
        ],
        "t": [
          0.009792158900274671,
          0.00739429943989372,
          0.03791327251246923
        ],
        "R": [
          [
            0.17108796004323046,
            -0.9828774123218533,
            0.06841711975627811
          ],
          [
            0.9852251905775459,
            0.17012266959813938,
            -0.01973831655032203
          ],
          [
            0.007761042435416483,
            0.070783258163928,
            0.9974615263678166
          ]
        ],
        "corners": [
          [
            416.3476257324219,
            276.81481933593756
          ],
          [
            431.4521179199218,
            362.4497985839844
          ],
          [
            518.6986083984375,
            349.26434326171875
          ],
          [
            504.0150756835938,
            262.9151916503906
          ]
        ]
      },
      {
        "id": 5,
        "center": [
          432.9215372801583,
          81.18023469375638
        ],
        "t": [
          0.0074863493677360836,
          -0.007974571092376231,
          0.03782244420652969
        ],
        "R": [
          [
            0.9809144414728963,
            0.18795219948628483,
            0.04980792324705345
          ],
          [
            -0.1801072724441628,
            0.974818336450918,
            -0.13149365510087507
          ],
          [
            -0.0732681985764681,
            0.12001325604836949,
            0.9900649420366463
          ]
        ],
        "corners": [
          [
            397.2597961425781,
            132.47409057617185
          ],
          [
            483.6185302734375,
            116.35247039794922
          ],
          [
            469.84121704101557,
            28.077030181884776
          ],
          [
            381.69546508789057,
            45.6409378051758
          ]
        ]
      }
    ]
  },
  {
    "frame": 1,
    "detections": [
      {
        "id": 1,
        "center": [
          193.97251547364021,
          149.35250050966476
        ],
        "t": [
          -0.008515662188920631,
          -0.0035224717633594244,
          0.03865727004662719
        ],
        "R": [
          [
            0.9751399933996442,
            0.22158958505430254,
            0.00022151298772228253
          ],
          [
            -0.22143218646900104,
            0.9744840470349945,
            -0.03672368268373505
          ],
          [
            -0.008353446480301147,
            0.0357616815846254,
            0.9993254335110963
          ]
        ],
        "corners": [
          [
            162.24291992187497,
            200.60972595214844
          ],
          [
            245.70785522460938,
            181.8955383300781
          ],
          [
            225.77378845214844,
            97.97948455810548
          ],
          [
            142.4223480224609,
            116.92594146728518
          ]
        ]
      },
      {
        "id": 3,
        "center": [
          467.57204153821596,
          312.90193944323045
        ],
        "t": [
          0.009803561042426356,
          0.007402528838438165,
          0.03794780943596863
        ],
        "R": [
          [
            0.16918491418749879,
            -0.9831764896345666,
            0.06885096252935388
          ],
          [
            0.9855841362802741,
            0.16872814149981183,
            -0.01243883349376926
          ],
          [
            0.0006124737015018693,
            0.06996287941379467,
            0.9975494074882185
          ]
        ],
        "corners": [
          [
            416.507843017578,
            276.7647705078125
          ],
          [
            431.2833557128905,
            362.4998779296875
          ],
          [
            518.8989257812501,
            349.22500610351557
          ],
          [
            503.9799499511719,
            263.1410522460937
          ]
        ]
      },
      {
        "id": 5,
        "center": [
          432.7537121067166,
          81.0198653843198
        ],
        "t": [
          0.007487092162944704,
          -0.007985603929249355,
          0.03786170128726725
        ],
        "R": [
          [
            0.9797715225221403,
            0.1846517086378635,
            0.07714603134163785
          ],
          [
            -0.176933148885615,
            0.9794142252493327,
            -0.09717219872303645
          ],
          [
            -0.09350093304383772,
            0.08155686284038904,
            0.9922731749087879
          ]
        ],
        "corners": [
          [
            397.0935363769531,
            132.58226013183594
          ],
          [
            483.87915039062506,
            116.27234649658203
          ],
          [
            469.4263000488281,
            27.993585586547844
          ],
          [
            381.9456787109375,
            45.98624420166018
          ]
        ]
      }
    ]
  },
  {
    "frame": 2,
    "detections": [
      {
        "id": 1,
        "center": [
          193.74940745389455,
          149.48564473641804
        ],
        "t": [
          -0.008526722529724973,
          -0.0035161614378036816,
          0.03866159209098004
        ],
        "R": [
          [
            0.9753661551875914,
            0.2203558616632077,
            0.010205760394989704
          ],
          [
            -0.21965934184491664,
            0.9744520369938134,
            -0.04682949005557038
          ],
          [
            -0.020264176638412346,
            0.04343410905350688,
            0.9988507602819828
          ]
        ],
        "corners": [
          [
            162.18730163574216,
            200.4931182861328
          ],
          [
            245.54031372070312,
            182.06460571289062
          ],
          [
            225.61904907226565,
            97.98116302490234
          ],
          [
            142.32897949218747,
            117.13973236083983
          ]
        ]
      },
      {
        "id": 3,
        "center": [
          467.4978038420324,
          313.05134567952587
        ],
        "t": [
          0.00977982248322797,
          0.007390754063667334,
          0.03787224748253742
        ],
        "R": [
          [
            0.17376705899681744,
            -0.982477945790889,
            0.06739506838124527
          ],
          [
            0.9845756657441642,
            0.17190549915127512,
            -0.03254624073510037
          ],
          [
            0.020390380870224864,
            0.0720110088532788,
            0.9971953905689196
          ]
        ],
        "corners": [
          [
            416.24932861328125,
            276.9940490722656
          ],
          [
            431.3629455566406,
            362.468994140625
          ],
          [
            518.6956176757814,
            349.07299804687494
          ],
          [
            504.09094238281256,
            263.00695800781244
          ]
        ]
      },
      {
        "id": 5,
        "center": [
          432.6040880601643,
          80.93680531925408
        ],
        "t": [
          0.007490430764891417,
          -0.008002103750925943,
          0.0379165104698898
        ],
        "R": [
          [
            0.9779062501168876,
            0.1861486984673896,
            0.09512112300233774
          ],
          [
            -0.17775992211260574,
            0.979930920527012,
            -0.09020421877941033
          ],
          [
            -0.11000352754729883,
            0.07130254591513725,
            0.9913703500070851
          ]
        ],
        "corners": [
          [
            397.2335510253906,
            132.49905395507815
          ],
          [
            484.0255737304688,
            116.10345458984375
          ],
          [
            469.0410461425781,
            27.819955825805653
          ],
          [
            381.82400512695307,
            46.208805084228516
          ]
        ]
      }
    ]
  },
  {
    "frame": 3,
    "detections": [
      {
        "id": 1,
        "center": [
          193.81975426715755,
          149.63896718883495
        ],
        "t": [
          -0.008540164186360217,
          -0.003516973436469632,
          0.0387454891101836
        ],
        "R": [
          [
            0.9755445583533623,
            0.21979777662260275,
            -0.0013236536189848921
          ],
          [
            -0.21932740068286244,
            0.9730261282236047,
            -0.07152373804465414
          ],
          [
            -0.014432809041962417,
            0.07006490695021014,
            0.9974380195466866
          ]
        ],
        "corners": [
          [
            162.51345825195312,
            200.38116455078128
          ],
          [
            245.62525939941406,
            182.04971313476562
          ],
          [
            225.627197265625,
            98.08449554443357
          ],
          [
            142.05247497558594,
            117.25213623046874
          ]
        ]
      },
      {
        "id": 3,
        "center": [
          467.36863057050056,
          312.8168785156367
        ],
        "t": [
          0.009817283079858397,
          0.007413438272606159,
          0.038017125241427134
        ],
        "R": [
          [
            0.16796227597108043,
            -0.9823919025994218,
            0.08182190145494364
          ],
          [
            0.9857203737756328,
            0.16838074348590962,
            -0.0018082994107970537
          ],
          [
            -0.012000773901771917,
            0.08095724136987466,
            0.9966453263300533
          ]
        ],
        "corners": [
          [
            416.6295471191406,
            276.8162841796874
          ],
          [
            431.12722778320307,
            362.35351562499994
          ],
          [
            519.0111694335939,
            349.4584960937501
          ],
          [
            503.8240356445313,
            262.9877319335938
          ]
        ]
      },
      {
        "id": 5,
        "center": [
          432.784099914243,
          81.01510202248383
        ],
        "t": [
          0.007475099289035956,
          -0.007977440520123965,
          0.03781140465558257
        ],
        "R": [
          [
            0.980817786107842,
            0.18508774257490906,
            0.06114734665572123
          ],
          [
            -0.1795030039264558,
            0.9799160915403372,
            -0.08685116649584461
          ],
          [
            -0.07599435528964989,
            0.07420903643650364,
            0.9943429372582058
          ]
        ],
        "corners": [
          [
            397.0609436035156,
            132.57322692871094
          ],
          [
            483.89691162109375,
            116.08396148681639
          ],
          [
            469.36401367187506,
            28.22044563293455
          ],
          [
            381.6865234375,
            45.95669555664062
          ]
        ]
      }
    ]
  },
  {
    "frame": 4,
    "detections": [
      {
        "id": 1,
        "center": [
          193.9081652925514,
          149.547652013894
        ],
        "t": [
          -0.008531936853195777,
          -0.003521062174242389,
          0.03869446189378969
        ],
        "R": [
          [
            0.9756344678144825,
            0.21940176111853027,
            0.0005024245589360238
          ],
          [
            -0.21910557039626585,
            0.9744313243713129,
            -0.049762868740611824
          ],
          [
            -0.011407639268361202,
            0.04844028594110203,
            0.9987609345905892
          ]
        ],
        "corners": [
          [
            162.24055480957034,
            200.6204986572266
          ],
          [
            245.29190063476562,
            181.93171691894534
          ],
          [
            225.88302612304685,
            97.97927856445315
          ],
          [
            142.2570343017578,
            116.99506378173828
          ]
        ]
      },
      {
        "id": 3,
        "center": [
          467.5860028603085,
          312.9043073997635
        ],
        "t": [
          0.009812451903469637,
          0.007402452030850996,
          0.03797685325373881
        ],
        "R": [
          [
            0.16903412205796087,
            -0.9820669332856162,
            0.08349852769408235
          ],
          [
            0.9856059396097376,
            0.16867479776064265,
            -0.011390540216015384
          ],
          [
            -0.0028978243737020418,
            0.08422203480913579,
            0.9964427988933976
          ]
        ],
        "corners": [
          [
            416.42572021484386,
            276.5632019042969
          ],
          [
            431.4382324218751,
            362.2278137207032
          ],
          [
            518.996337890625,
            349.42303466796875
          ],
          [
            504.0912780761718,
            263.0929870605468
          ]
        ]
      },
      {
        "id": 5,
        "center": [
          432.5881981438294,
          80.62036609564169
        ],
        "t": [
          0.007455777400453245,
          -0.007975134720488062,
          0.037733452579813115
        ],
        "R": [
          [
            0.9798706350234982,
            0.1845632434927158,
            0.07609170631609005
          ],
          [
            -0.18017001560643994,
            0.9817360846375436,
            -0.06109849095453132
          ],
          [
            -0.08597850949522673,
            0.0461591732161035,
            0.9952271231397308
          ]
        ],
        "corners": [
          [
            397.07315063476557,
            132.6846923828125
          ],
          [
            484.2947692871094,
            116.04335021972656
          ],
          [
            468.6921081542969,
            27.692779541015597
          ],
          [
            381.89892578124994,
            45.89430999755859
          ]
        ]
      }
    ]
  },
  {
    "frame": 5,
    "detections": [
      {
        "id": 1,
        "center": [
          193.94399475098513,
          149.5609303327729
        ],
        "t": [
          -0.00851590098131532,
          -0.003516099122465476,
          0.038652395694873026
        ],
        "R": [
          [
            0.9750927060220064,
            0.22141027674055788,
            0.013103587919029679
          ],
          [
            -0.22022834942648606,
            0.9735177597643929,
            -0.06134040701041209
          ],
          [
            -0.02633797204736333,
            0.05692680192130119,
            0.9980308865217775
          ]
        ],
        "corners": [
          [
            162.63305664062494,
            200.5877227783203
          ],
          [
            245.56442260742188,
            181.91920471191403
          ],
          [
            225.73538208007818,
            97.75115966796874
          ],
          [
            142.29708862304688,
            117.1860580444336
          ]
        ]
      },
      {
        "id": 3,
        "center": [
          467.4828464945296,
          312.7760157370951
        ],
        "t": [
          0.00982710831871945,
          0.007413825113322632,
          0.03803305949584746
        ],
        "R": [
          [
            0.16870065802002804,
            -0.9831077771752598,
            0.07098722730977781
          ],
          [
            0.9855613607066512,
            0.16930053130305178,
            0.0024767685719076834
          ],
          [
            -0.014453105744581595,
            0.06954443585237284,
            0.997474149628105
          ]
        ],
        "corners": [
          [
            416.70898437500006,
            276.85504150390636
          ],
          [
            431.3619384765626,
            362.50152587890625
          ],
          [
            519.0137939453125,
            349.2326049804687
          ],
          [
            503.7010498046874,
            262.9165649414063
          ]
        ]
      },
      {
        "id": 5,
        "center": [
          432.74615485801615,
          81.0769721294643
        ],
        "t": [
          0.007480766790368072,
          -0.00798390675424206,
          0.03784593912117343
        ],
        "R": [
          [
            0.9799434856435794,
            0.19206753080211192,
            0.05311147292526926
          ],
          [
            -0.185068986601712,
            0.9759924582105441,
            -0.11483985246574475
          ],
          [
            -0.07389340392029077,
            0.10270727884487248,
            0.9919631947453263
          ]
        ],
        "corners": [
          [
            397.38391113281244,
            132.634033203125
          ],
          [
            483.7520446777344,
            115.97106170654293
          ],
          [
            469.22100830078125,
            27.897760391235334
          ],
          [
            381.4779968261718,
            46.00345993041995
          ]
        ]
      }
    ]
  }
]