[
  {
    "frame": 0,
    "detections": [
      {
        "id": 4,
        "center": [
          448.5562682485285,
          179.82285607266905
        ],
        "t": [
          0.0035577821102805557,
          -0.0005969968276601037,
          0.01578322493545497
        ],
        "R": [
          [
            0.10775028342962784,
            0.994150096720477,
            0.007447255299922365
          ],
          [
            -0.9934027943006295,
            0.10736748817148392,
            0.040287848781590224
          ],
          [
            0.03925257566755343,
            -0.011739151349799342,
            0.9991603613179665
          ]
        ],
        "corners": [
          [
            543.6918945312499,
            296.4590759277344
          ],
          [
            562.9248657226562,
            87.27928161621094
          ],
          [
            355.4721984863281,
            65.70184326171875
          ],
          [
            333.0097351074219,
            273.319580078125
          ]
        ]
      }
    ]
  },
  {
    "frame": 1,
    "detections": [
      {
        "id": 4,
        "center": [
          449.8506578339531,
          180.15259555366566
        ],
        "t": [
          0.0035620141314680795,
          -0.000586185933684607,
          0.015654327844722454
        ],
        "R": [
          [
            0.1076135019840469,
            0.9941357717751905,
            0.010649012521154771
          ],
          [
            -0.9937245217269843,
            0.10722792678233489,
            0.031839388129141034
          ],
          [
            0.030510803155690908,
            -0.014008532932055354,
            0.9994362670505239
          ]
        ],
        "corners": [
          [
            545.5225830078125,
            297.40353393554693
          ],
          [
            565.6939697265625,
            86.72211456298828
          ],
          [
            355.6830444335938,
            64.74526977539054
          ],
          [
            333.31427001953125,
            274.1420593261718
          ]
        ]
      }
    ]
  },
  {
    "frame": 2,
    "detections": [
      {
        "id": 4,
        "center": [
          451.4774256908686,
          179.97886137912985
        ],
        "t": [
          0.003555079517745182,
          -0.0005811213259152487,
          0.01543202885040697
        ],
        "R": [
          [
            0.107625586660611,
            0.9941493085372386,
            0.009158898999888317
          ],
          [
            -0.9935982588411345,
            0.10723859954582754,
            0.03553002667203384
          ],
          [
            0.03433996394618238,
            -0.012924206063835625,
            0.9993266391794999
          ]
        ],
        "corners": [
          [
            548.65380859375,
            298.9830017089843
          ],
          [
            568.7266845703127,
            85.32131958007811
          ],
          [
            356.0365295410156,
            63.10003280639655
          ],
          [
            333.16537475585926,
            275.4944152832032
          ]
        ]
      }
    ]
  },
  {
    "frame": 3,
    "detections": [
      {
        "id": 4,
        "center": [
          452.5604685132557,
          179.8154005021541
        ],
        "t": [
          0.0035510629199261316,
          -0.0005815275904176205,
          0.015299182567563583
        ],
        "R": [
          [
            0.10681461394014127,
            0.9942647666665685,
            0.00531149830967452
          ],
          [
            -0.9937752551248192,
            0.10658895856656547,
            0.03239654631740325
          ],
          [
            0.031644597491819325,
            -0.008738860175679153,
            0.9994609806152567
          ]
        ],
        "corners": [
          [
            550.3699951171875,
            299.4584350585937
          ],
          [
            570.6893310546875,
            84.42462921142574
          ],
          [
            356.0428771972657,
            61.75269317626954
          ],
          [
            333.1447448730469,
            276.2453308105469
          ]
        ]
      }
    ]
  },
  {
    "frame": 4,
    "detections": [
      {
        "id": 4,
        "center": [
          453.14593362064875,
          179.60518348845324
        ],
        "t": [
          0.003549132612095661,
          -0.0005840835975187687,
          0.015224685572423749
        ],
        "R": [
          [
            0.10623662754214602,
            0.9943371188067814,
            0.002733702891699507
          ],
          [
            -0.9938628790420783,
            0.10609992018863323,
            0.03129512099604464
          ],
          [
            0.03082785478528789,
            -0.006041613939533316,
            0.999506449339044
          ]
        ],
        "corners": [
          [
            551.3528442382811,
            299.71551513671864
          ],
          [
            571.6966552734373,
            83.73965454101558
          ],
          [
            356.1156005859375,
            60.933845520019624
          ],
          [
            333.1756286621095,
            276.61865234375
          ]
        ]
      }
    ]
  },
  {
    "frame": 5,
    "detections": [
      {
        "id": 4,
        "center": [
          453.25448775262856,
          179.57501565685035
        ],
        "t": [
          0.003548582942582052,
          -0.0005846100980671387,
          0.015209277046073989
        ],
        "R": [
          [
            0.10658116826279868,
            0.9942964911106553,
            0.0038655318878514887
          ],
          [
            -0.9938776625578802,
            0.10642082713360013,
            0.029695107689392614
          ],
          [
            0.029114368277899646,
            -0.007006805066465869,
            0.9995515285579525
          ]
        ],
        "corners": [
          [
            551.49267578125,
            299.834228515625
          ],
          [
            572.0918579101562,
            83.5833892822266
          ],
          [
            356.1534118652344,
            60.70780944824219
          ],
          [
            333.1533813476563,
            276.5874328613281
          ]
        ]
      }
    ]
  }
]