[
  {
    "frame": 0,
    "detections": [
      {
        "id": 1,
        "center": [
          233.92093075498317,
          353.6910148779766
        ],
        "t": [
          -0.006152684929729934,
          0.01090087004907075,
          0.04091146175938127
        ],
        "R": [
          [
            0.9902451710749525,
            0.13699287347825742,
            0.025445113065374357
          ],
          [
            -0.13794195248328125,
            0.9896200636554944,
            0.040300711601583515
          ],
          [
            -0.019660084125957565,
            -0.04341753363174795,
            0.9988635536776264
          ]
        ],
        "corners": [
          [
            199.14416503906253,
            399.64990234375006
          ],
          [
            279.4812622070313,
            389.0423278808594
          ],
          [
            268.5920104980468,
            307.8717956542968
          ],
          [
            188.92065429687497,
            318.7742614746094
          ]
        ]
      },
      {
        "id": 2,
        "center": [
          206.03961433341445,
          129.14532030456118
        ],
        "t": [
          -0.00835046610340301,
          -0.005308021079603881,
          0.04188950935091104
        ],
        "R": [
          [
            0.11741911773498054,
            -0.9930453253071345,
            0.00858677331633128
          ],
          [
            0.9930794925902542,
            0.11739327988644077,
            -0.0034553196939542475
          ],
          [
            0.002423259586277446,
            0.008933069077926209,
            0.9999571631274145
          ]
        ],
        "corners": [
          [
            162.18780517578128,
            94.52151489257812
          ],
          [
            171.50465393066406,
            173.1580810546875
          ],
          [
            249.81942749023438,
            163.71228027343747
          ],
          [
            240.57884216308594,
            85.12712097167964
          ]
        ]
      },
      {
        "id": 4,
        "center": [
          441.0870847255202,
          94.57835227166522
        ],
        "t": [
          0.008672323648870838,
          -0.007653167572473401,
          0.040870142718972706
        ],
        "R": [
          [
            -0.11504267808734664,
            0.988271873029231,
            0.10041856002645116
          ],
          [
            -0.992777050377168,
            -0.11785049714221454,
            0.022471950688418625
          ],
          [
            0.03404277401888659,
            -0.09710800843714028,
            0.994691471881845
          ]
        ],
        "corners": [
          [
            487.3452758789062,
            129.31593322753903
          ],
          [
            477.2151794433593,
            48.88962554931642
          ],
          [
            395.6038208007813,
            60.422702789306655
          ],
          [
            405.29870605468756,
            139.83746337890622
          ]
        ]
      },
      {
        "id": 5,
        "center": [
          461.68967215395395,
          310.13464101861825
        ],
        "t": [
          0.010076966508789774,
          0.007715047434684702,
          0.04060422542703185
        ],
        "R": [
          [
            0.9927881000155967,
            0.09915931241653803,
            0.06737372802882026
          ],
          [
            -0.10361935558776625,
            0.9924059205584552,
            0.06628361779580859
          ],
          [
            -0.0602894486207834,
            -0.07278680925555257,
            0.9955236123685854
          ]
        ],
        "corners": [
          [
            425.4540710449218,
            354.86502075195307
          ],
          [
            507.953125,
            347.754150390625
          ],
          [
            497.9198303222656,
            265.4109802246094
          ],
          [
            415.9862060546875,
            272.9704895019531
          ]
        ]
      }
    ]
  },
  {
    "frame": 1,
    "detections": [
      {
        "id": 1,
        "center": [
          232.9680044236645,
          354.83972312294594
        ],
        "t": [
          -0.006143001943249236,
          0.01087196647447373,
          0.04050178305935717
        ],
        "R": [
          [
            0.989644522192686,
            0.1355542663230971,
            0.047209750853159635
          ],
          [
            -0.1363186682564982,
            0.99057505656792,
            0.013352078124313334
          ],
          [
            -0.04495487046789602,
            -0.01964938134063928,
            0.9987957556148028
          ]
        ],
        "corners": [
          [
            198.31448364257812,
            400.3008117675781
          ],
          [
            279.15740966796875,
            390.78543090820324
          ],
          [
            268.12078857421875,
            308.72366333007807
          ],
          [
            187.8773040771484,
            319.74905395507795
          ]
        ]
      },
      {
        "id": 2,
        "center": [
          205.021345730542,
          128.5445747215232
        ],
        "t": [
          -0.008340137146804661,
          -0.005294607982569443,
          0.04147067610210737
        ],
        "R": [
          [
            0.1177884179309195,
            -0.9929129238707098,
            0.01580551207172103
          ],
          [
            0.9930330765590293,
            0.11782646219986077,
            0.0014945451394539335
          ],
          [
            -0.003346260754940044,
            0.015519356171669385,
            0.9998739681194709
          ]
        ],
        "corners": [
          [
            160.90049743652347,
            93.68444061279295
          ],
          [
            170.1743469238281,
            173.0547180175781
          ],
          [
            249.2787322998047,
            163.5125885009766
          ],
          [
            239.78816223144534,
            84.13684844970705
          ]
        ]
      },
      {
        "id": 4,
        "center": [
          442.10009450715154,
          93.77307353780647
        ],
        "t": [
          0.008669476959166332,
          -0.007645151561486621,
          0.04052653915873627
        ],
        "R": [
          [
            -0.11450826069796183,
            0.9881706980765864,
            0.10201239971081408
          ],
          [
            -0.992821718699525,
            -0.11740421275040513,
            0.022831682088243342
          ],
          [
            0.03453828470622991,
            -0.09866570980481984,
            0.9945210830335688
          ]
        ],
        "corners": [
          [
            488.7243347167969,
            128.7696685791016
          ],
          [
            478.56524658203114,
            47.71722030639651
          ],
          [
            396.23687744140625,
            59.347709655761726
          ],
          [
            405.92584228515636,
            139.46151733398435
          ]
        ]
      },
      {
        "id": 5,
        "center": [
          462.69833276926266,
          310.9701501436865
        ],
        "t": [
          0.01006794505660381,
          0.007714745366141015,
          0.04027350783167571
        ],
        "R": [
          [
            0.9931617101443931,
            0.09993144283135202,
            0.06036161227724657
          ],
          [
            -0.10343466100786086,
            0.9929436642968464,
            0.058001296838432984
          ],
          [
            -0.05413952719828059,
            -0.06384815006243562,
            0.9964900026233838
          ]
        ],
        "corners": [
          [
            426.0667419433594,
            356.1280517578125
          ],
          [
            509.2378234863281,
            348.78070068359375
          ],
          [
            499.28137207031244,
            265.8721008300781
          ],
          [
            416.795654296875,
            273.6769714355469
          ]
        ]
      }
    ]
  },
  {
    "frame": 2,
    "detections": [
      {
        "id": 1,
        "center": [
          232.08213940348085,
          355.7037195297842
        ],
        "t": [
          -0.006135417911298541,
          0.010845563686009523,
          0.04014864251195468
        ],
        "R": [
          [
            0.989519894820019,
            0.1324673315726981,
            0.05746985141260283
          ],
          [
            -0.13205126964357938,
            0.9911819099291898,
            -0.010994708483741202
          ],
          [
            -0.05841951678075132,
            0.0032905159371463093,
            0.9982866985811094
          ]
        ],
        "corners": [
          [
            197.33119201660156,
            400.74548339843744
          ],
          [
            279.01171875,
            392.2810668945313
          ],
          [
            267.6609802246094,
            309.5888977050782
          ],
          [
            186.98249816894534,
            320.55264282226557
          ]
        ]
      },
      {
        "id": 2,
        "center": [
          204.1743355259301,
          128.12485168094946
        ],
        "t": [
          -0.008343300302694914,
          -0.005291665847498511,
          0.04118709004074425
        ],
        "R": [
          [
            0.11703006893641679,
            -0.9929640943387571,
            0.01806295431952611
          ],
          [
            0.9931234047244516,
            0.11706764907196672,
            0.0010336968976040195
          ],
          [
            -0.003141011501231407,
            0.017817769074004043,
            0.9998363171799545
          ]
        ],
        "corners": [
          [
            159.76860046386716,
            93.02987670898436
          ],
          [
            169.09002685546875,
            172.8466339111328
          ],
          [
            248.68093872070312,
            163.29954528808594
          ],
          [
            239.2908935546875,
            83.36196136474608
          ]
        ]
      },
      {
        "id": 4,
        "center": [
          442.93893856784786,
          93.09158949364168
        ],
        "t": [
          0.008661996835101052,
          -0.007635417144385858,
          0.040220616369152744
        ],
        "R": [
          [
            -0.11397278661725962,
            0.9891772733732875,
            0.09240414358937016
          ],
          [
            -0.9928175357928595,
            -0.11680857770491587,
            0.025866905434341364
          ],
          [
            0.03638055157486162,
            -0.08879233084193099,
            0.9953855421145948
          ]
        ],
        "corners": [
          [
            489.8299560546875,
            128.391845703125
          ],
          [
            479.61450195312506,
            46.85107040405274
          ],
          [
            396.728759765625,
            58.30387878417968
          ],
          [
            406.47357177734375,
            139.0670928955078
          ]
        ]
      },
      {
        "id": 5,
        "center": [
          463.6182345334434,
          311.7718588478011
        ],
        "t": [
          0.010065311091760721,
          0.00771829861404834,
          0.04000834602562625
        ],
        "R": [
          [
            0.9932394485171874,
            0.09989750486624677,
            0.059126021604465874
          ],
          [
            -0.1030565877350374,
            0.993260739776069,
            0.0530324668849902
          ],
          [
            -0.053429744840155204,
            -0.05876726419525801,
            0.9968408453837155
          ]
        ],
        "corners": [
          [
            426.7478637695312,
            357.14990234375006
          ],
          [
            510.3681945800781,
            349.80297851562483
          ],
          [
            500.4952392578126,
            266.3856506347656
          ],
          [
            417.39892578124994,
            274.1724243164064
          ]
        ]
      }
    ]
  },
  {
    "frame": 3,
    "detections": [
      {
        "id": 1,
        "center": [
          232.1808966008918,
          355.52745820560517
        ],
        "t": [
          -0.006132299904552049,
          0.01083877675051082,
          0.04017686148522625
        ],
        "R": [
          [
            0.9893754665382801,
            0.13242687729622263,
            0.059994236237582106
          ],
          [
            -0.13172297727182364,
            0.9911644840162046,
            -0.015557084673434661
          ],
          [
            -0.06152433234750527,
            0.0074891784903915095,
            0.998077486337976
          ]
        ],
        "corners": [
          [
            197.5601501464844,
            400.39239501953125
          ],
          [
            279.03952026367193,
            392.0668640136718
          ],
          [
            267.7313842773437,
            309.4576721191406
          ],
          [
            187.1060791015625,
            320.3790283203126
          ]
        ]
      },
      {
        "id": 2,
        "center": [
          204.33075492003542,
          128.15451473128107
        ],
        "t": [
          -0.008342789783485845,
          -0.005294154510839558,
          0.04122258357870859
        ],
        "R": [
          [
            0.11718549804190423,
            -0.9930287700815653,
            0.012705150096163811
          ],
          [
            0.9931046885603451,
            0.11721728929612843,
            0.0017845586367233037
          ],
          [
            -0.0032613813225365424,
            0.0124084197367338,
            0.9999176938686034
          ]
        ],
        "corners": [
          [
            159.88540649414062,
            93.00138092041017
          ],
          [
            169.1899871826172,
            172.93209838867188
          ],
          [
            248.71905517578122,
            163.2625274658203
          ],
          [
            239.4020690917969,
            83.46543121337893
          ]
        ]
      },
      {
        "id": 4,
        "center": [
          442.89685442089063,
          93.21276227063998
        ],
        "t": [
          0.008664775459554809,
          -0.007632368511292392,
          0.040248724041590106
        ],
        "R": [
          [
            -0.11556893065013829,
            0.9890107784322687,
            0.09220359219238988
          ],
          [
            -0.9929889929145005,
            -0.11735467731175514,
            0.01416826255049164
          ],
          [
            0.024833087182817088,
            -0.0899197412020898,
            0.9956393714207569
          ]
        ],
        "corners": [
          [
            489.681884765625,
            128.51231384277344
          ],
          [
            479.6296997070313,
            46.83925628662109
          ],
          [
            396.7060546875,
            58.36156082153322
          ],
          [
            406.4388427734374,
            139.2393035888672
          ]
        ]
      },
      {
        "id": 5,
        "center": [
          463.4344120035849,
          311.64461079394954
        ],
        "t": [
          0.010064190891754969,
          0.007717840007416424,
          0.04005527287955059
        ],
        "R": [
          [
            0.9931870280852491,
            0.100476922950064,
            0.05902469989485323
          ],
          [
            -0.10333758398503318,
            0.9935071743904097,
            0.047590315936343996
          ],
          [
            -0.05385973430427228,
            -0.053365554333031355,
            0.9971214803780939
          ]
        ],
        "corners": [
          [
            426.60437011718756,
            356.9184265136719
          ],
          [
            510.06921386718744,
            349.57540893554693
          ],
          [
            500.31781005859375,
            266.3052062988281
          ],
          [
            417.27682495117193,
            274.10195922851545
          ]
        ]
      }
    ]
  },
  {
    "frame": 4,
    "detections": [
      {
        "id": 1,
        "center": [
          232.35661471864316,
          355.5797925472011
        ],
        "t": [
          -0.006142412377367661,
          0.010862465637693493,
          0.04026250724489565
        ],
        "R": [
          [
            0.9898901010962231,
            0.13312987492138545,
            0.04892876613123914
          ],
          [
            -0.13315047235049285,
            0.9910917280104001,
            -0.002852784990135681
          ],
          [
            -0.0488726862833409,
            -0.0036909446996100936,
            0.9987981965655898
          ]
        ],
        "corners": [
          [
            197.57791137695315,
            400.84255981445307
          ],
          [
            278.9445495605469,
            391.82757568359386
          ],
          [
            267.82568359375,
            309.41854858398443
          ],
          [
            187.12402343750003,
            320.38653564453114
          ]
        ]
      },
      {
        "id": 2,
        "center": [
          204.29858435969442,
          128.1500253632644
        ],
        "t": [
          -0.008337490131263992,
          -0.005289633048573642,
          0.04119398740032321
        ],
        "R": [
          [
            0.11824405524370064,
            -0.9928305341330268,
            0.017489250774535746
          ],
          [
            0.9929640961512128,
            0.11833636067434217,
            0.004336991694397951
          ],
          [
            -0.006375512068059095,
            0.01685337460219492,
            0.9998376451256415
          ]
        ],
        "corners": [
          [
            159.8891143798828,
            93.10623168945311
          ],
          [
            169.21353149414065,
            172.9651336669922
          ],
          [
            248.79249572753906,
            163.26045227050778
          ],
          [
            239.3283233642578,
            83.4055709838867
          ]
        ]
      },
      {
        "id": 4,
        "center": [
          442.8916586199442,
          93.21213994806324
        ],
        "t": [
          0.008666259358697047,
          -0.007634455157136535,
          0.04025892023425378
        ],
        "R": [
          [
            -0.11529234024531776,
            0.9890472589309346,
            0.09215853667438219
          ],
          [
            -0.9929027044110691,
            -0.11747159671007867,
            0.018564577548914787
          ],
          [
            0.029187254991568937,
            -0.08936410670728072,
            0.9955712734799387
          ]
        ],
        "corners": [
          [
            489.69427490234375,
            128.46510314941406
          ],
          [
            479.5725402832032,
            46.90722274780273
          ],
          [
            396.6932373046875,
            58.41427230834961
          ],
          [
            406.4552307128907,
            139.2084655761719
          ]
        ]
      },
      {
        "id": 5,
        "center": [
          463.4442524940169,
          311.6202760124517
        ],
        "t": [
          0.01006753059488047,
          0.007719323172536,
          0.04006737631872063
        ],
        "R": [
          [
            0.9934667017395288,
            0.09871735651656433,
            0.05726077241151913
          ],
          [
            -0.10187897700253468,
            0.9932639514931969,
            0.05520323096556749
          ],
          [
            -0.051425544038923944,
            -0.06067624070838828,
            0.9968318851410193
          ]
        ],
        "corners": [
          [
            426.5858154296875,
            356.929931640625
          ],
          [
            510.0860595703125,
            349.6330871582031
          ],
          [
            500.2712707519531,
            266.3492431640625
          ],
          [
            417.3226928710938,
            274.03146362304693
          ]
        ]
      }
    ]
  },
  {
    "frame": 5,
    "detections": [
      {
        "id": 1,
        "center": [
          232.15227131519157,
          355.51025716080824
        ],
        "t": [
          -0.006131389429132005,
          0.01083831093180539,
          0.040180413506179416
        ],
        "R": [
          [
            0.9891877996448193,
            0.1329242620900367,
            0.06195673959837783
          ],
          [
            -0.1323657089009686,
            0.991115004949709,
            -0.013052435431069615
          ],
          [
            -0.06314123962186685,
            0.004710362125933834,
            0.9979934851228521
          ]
        ],
        "corners": [
          [
            197.57612609863278,
            400.3556823730468
          ],
          [
            279.0681457519531,
            392.10668945312506
          ],
          [
            267.73208618164057,
            309.36306762695307
          ],
          [
            187.16659545898435,
            320.419464111328
          ]
        ]
      },
      {
        "id": 2,
        "center": [
          204.31333417775446,
          128.1053458813232
        ],
        "t": [
          -0.008341277668828473,
          -0.0052957666612597504,
          0.04121954605360359
        ],
        "R": [
          [
            0.11885099554901314,
            -0.9928232501969461,
            0.01328287338570696
          ],
          [
            0.992898152087528,
            0.11890960158920118,
            0.003710287195017351
          ],
          [
            -0.005263120574375455,
            0.012747569112180484,
            0.9999048949992944
          ]
        ],
        "corners": [
          [
            159.85578918457028,
            93.07247924804683
          ],
          [
            169.2464294433594,
            172.9058074951172
          ],
          [
            248.84368896484375,
            163.19558715820315
          ],
          [
            239.30694580078125,
            83.39852142333984
          ]
        ]
      },
      {
        "id": 4,
        "center": [
          442.906947567466,
          93.17635460134026
        ],
        "t": [
          0.00866570424425416,
          -0.007634590482899308,
          0.04024586052117644
        ],
        "R": [
          [
            -0.11476245822772718,
            0.9892240403028315,
            0.09091411479232156
          ],
          [
            -0.992856010869963,
            -0.11722773255215407,
            0.022239613307443038
          ],
          [
            0.03265761566485152,
            -0.08771235265128204,
            0.9956103772718844
          ]
        ],
        "corners": [
          [
            489.7546691894532,
            128.47323608398438
          ],
          [
            479.56423950195324,
            46.91027832031251
          ],
          [
            396.7156372070312,
            58.37403869628905
          ],
          [
            406.49435424804676,
            139.13359069824216
          ]
        ]
      },
      {
        "id": 5,
        "center": [
          463.4545939046145,
          311.63723218820815
        ],
        "t": [
          0.010064134752756406,
          0.007716194661745494,
          0.040050146301449624
        ],
        "R": [
          [
            0.9933274192752422,
            0.1007092807738244,
            0.05619856654761202
          ],
          [
            -0.10361388846923347,
            0.9932880398143781,
            0.051410427716532224
          ],
          [
            -0.05064385680684875,
            -0.0568903394938944,
            0.9970951253716953
          ]
        ],
        "corners": [
          [
            426.67639160156244,
            356.9911804199219
          ],
          [
            510.1142272949219,
            349.5523681640625
          ],
          [
            500.25006103515636,
            266.2619934082031
          ],
          [
            417.2646484375001,
            274.103759765625
          ]
        ]
      }
    ]
  }
]