[
  {
    "frame": 0,
    "detections": [
      {
        "id": 1,
        "center": [
          189.63943891895389,
          148.64957324123904
        ],
        "t": [
          -0.00851973596028074,
          -0.0034618275125782717,
          0.03739186687425269
        ],
        "R": [
          [
            0.9750871337684172,
            0.22179317328483478,
            0.0035874564159788774
          ],
          [
            -0.22143444590961014,
            0.9742112202230503,
            -0.04335071575209414
          ],
          [
            -0.013109833103333628,
            0.04147633874582169,
            0.999053474845188
          ]
        ],
        "corners": [
          [
            156.9698791503906,
            201.45980834960938
          ],
          [
            242.999267578125,
            182.06112670898438
          ],
          [
            222.69796752929688,
            95.21057128906254
          ],
          [
            136.24458312988278,
            115.21608734130862
          ]
        ]
      },
      {
        "id": 3,
        "center": [
          471.9453542515962,
          316.71581351878103
        ],
        "t": [
          0.009756168435865704,
          0.007396176974906991,
          0.03665850902335258
        ],
        "R": [
          [
            0.17222729560484556,
            -0.9837020617773501,
            0.0516528053800706
          ],
          [
            0.9848095074986222,
            0.17077118427073243,
            -0.03142350335485837
          ],
          [
            0.02209055429278134,
            0.056280158828506566,
            0.9981706022185164
          ]
        ],
        "corners": [
          [
            419.37011718749994,
            279.7210998535156
          ],
          [
            434.45422363281233,
            367.9819030761719
          ],
          [
            524.7424926757814,
            353.8666687011719
          ],
          [
            509.725555419922,
            265.054443359375
          ]
        ]
      },
      {
        "id": 5,
        "center": [
          435.96571405987174,
          77.72098377986924
        ],
        "t": [
          0.007435449728381889,
          -0.007923088476431698,
          0.03655123124897436
        ],
        "R": [
          [
            0.9801463320089059,
            0.18434245854252035,
            0.0730138742157019
          ],
          [
            -0.1788964193301701,
            0.9809873911812602,
            -0.07523170537897587
          ],
          [
            -0.08549408751680505,
            0.060676159419365404,
            0.9944893989770754
          ]
        ],
        "corners": [
          [
            399.2404174804688,
            130.9705963134766
          ],
          [
            489.1990661621094,
            114.15685272216798
          ],
          [
            473.7163085937499,
            22.984746932983395
          ],
          [
            383.16897583007807,
            41.583957672119126
          ]
        ]
      }
    ]
  },
  {
    "frame": 1,
    "detections": [
      {
        "id": 1,
        "center": [
          189.55992663667195,
          148.69409658726804
        ],
        "t": [
          -0.00852677668715006,
          -0.0034616487697994207,
          0.03739820897186984
        ],
        "R": [
          [
            0.9748951922318341,
            0.2226497182145888,
            0.002543057651774922
          ],
          [
            -0.2223654280402395,
            0.9741148873273685,
            -0.040666973082207895
          ],
          [
            -0.011531720415319588,
            0.039080548437197944,
            0.9991695202307318
          ]
        ],
        "corners": [
          [
            156.88748168945307,
            201.50720214843747
          ],
          [
            242.8805389404297,
            181.99838256835935
          ],
          [
            222.65310668945318,
            95.20089721679688
          ],
          [
            136.13568115234375,
            115.32508087158203
          ]
        ]
      },
      {
        "id": 3,
        "center": [
          471.8261675232655,
          316.71038384464066
        ],
        "t": [
          0.009754124233386513,
          0.007399350807689234,
          0.036676636963968334
        ],
        "R": [
          [
            0.17185385103721315,
            -0.9837544003816705,
            0.05189926409284948
          ],
          [
            0.9848996882927432,
            0.1704560653923292,
            -0.030287518416391396
          ],
          [
            0.02094893516474141,
            0.05632059570588759,
            0.9981929335628446
          ]
        ],
        "corners": [
          [
            419.30307006835926,
            279.71829223632807
          ],
          [
            434.3551330566405,
            367.9482116699219
          ],
          [
            524.6088256835938,
            353.8852844238281
          ],
          [
            509.6000061035157,
            265.05850219726557
          ]
        ]
      },
      {
        "id": 5,
        "center": [
          435.8627680158367,
          77.74563932751487
        ],
        "t": [
          0.007427196739292909,
          -0.007920806613644409,
          0.036542564030147724
        ],
        "R": [
          [
            0.9803343368071449,
            0.1848846219351919,
            0.0690091635130943
          ],
          [
            -0.18010610331547167,
            0.981148679560206,
            -0.07006468543981313
          ],
          [
            -0.08066213253697485,
            0.05625784540083678,
            0.9951525889055622
          ]
        ],
        "corners": [
          [
            399.2188110351563,
            130.96298217773438
          ],
          [
            489.1508483886719,
            114.13204956054689
          ],
          [
            473.51138305664057,
            23.069250106811516
          ],
          [
            382.97875976562506,
            41.63513946533203
          ]
        ]
      }
    ]
  },
  {
    "frame": 2,
    "detections": [
      {
        "id": 1,
        "center": [
          189.63780041555933,
          148.72375590471728
        ],
        "t": [
          -0.00852081985678227,
          -0.003458652030135909,
          0.03739619402048788
        ],
        "R": [
          [
            0.9751144421919338,
            0.22167100464529224,
            0.0037135331236237707
          ],
          [
            -0.22131010875341273,
            0.9742493793846302,
            -0.04312751479294424
          ],
          [
            -0.013178026873021376,
            0.04123242011099763,
            0.9990626742800094
          ]
        ],
        "corners": [
          [
            156.96095275878906,
            201.50291442871097
          ],
          [
            242.960693359375,
            182.1072540283203
          ],
          [
            222.73806762695315,
            95.26069641113284
          ],
          [
            136.2481842041016,
            115.29848480224612
          ]
        ]
      },
      {
        "id": 3,
        "center": [
          471.8897573389406,
          316.72832472541614
        ],
        "t": [
          0.0097548162821573,
          0.007398460201561443,
          0.036670274956200566
        ],
        "R": [
          [
            0.1721991804771522,
            -0.9835883862609534,
            0.05386398291595705
          ],
          [
            0.9847854527116952,
            0.1705972948623864,
            -0.03307831786922565
          ],
          [
            0.02334639951724244,
            0.05874052602938918,
            0.9980002486128808
          ]
        ],
        "corners": [
          [
            419.29064941406244,
            279.6990966796875
          ],
          [
            434.3945617675781,
            367.9098815917968
          ],
          [
            524.6564331054688,
            353.8755187988281
          ],
          [
            509.70346069335926,
            265.11199951171875
          ]
        ]
      },
      {
        "id": 5,
        "center": [
          435.93327224861116,
          77.75341825331013
        ],
        "t": [
          0.007436845913555291,
          -0.007925337210120875,
          0.03657052280407923
        ],
        "R": [
          [
            0.9802427327680423,
            0.18427963417450793,
            0.07186933479551952
          ],
          [
            -0.178892837046697,
            0.9809783518259891,
            -0.07535798631964154
          ],
          [
            -0.08438920374565002,
            0.06101220924763277,
            0.9945632069476018
          ]
        ],
        "corners": [
          [
            399.20953369140625,
            130.96997070312503
          ],
          [
            489.11300659179693,
            114.1584243774414
          ],
          [
            473.6725158691406,
            23.065292358398427
          ],
          [
            383.15460205078114,
            41.62296676635741
          ]
        ]
      }
    ]
  },
  {
    "frame": 3,
    "detections": [
      {
        "id": 1,
        "center": [
          189.61419006909483,
          148.7305743412118
        ],
        "t": [
          -0.008523105311738059,
          -0.003458874258944691,
          0.037389824071511375
        ],
        "R": [
          [
            0.9751226148071923,
            0.2216026685655415,
            0.005305033102134678
          ],
          [
            -0.22116807934322938,
            0.974256325751781,
            -0.043695450704461514
          ],
          [
            -0.01485149053836005,
            0.04143511816406192,
            0.9990308124434998
          ]
        ],
        "corners": [
          [
            156.94363403320312,
            201.55406188964844
          ],
          [
            242.8306427001953,
            182.07594299316403
          ],
          [
            222.71475219726562,
            95.21183013916016
          ],
          [
            136.21269226074216,
            115.2692565917969
          ]
        ]
      },
      {
        "id": 3,
        "center": [
          471.827992893904,
          316.65461585410935
        ],
        "t": [
          0.009761544218692624,
          0.007404299801050394,
          0.03670667190071307
        ],
        "R": [
          [
            0.17147968778313608,
            -0.9835940922636128,
            0.05601230527230608
          ],
          [
            0.985048474220828,
            0.17022248719967714,
            -0.026529385344829265
          ],
          [
            0.016559592779319406,
            0.05972408656208616,
            0.9980775587955615
          ]
        ],
        "corners": [
          [
            419.31994628906256,
            279.6681823730468
          ],
          [
            434.3179931640625,
            367.9063720703125
          ],
          [
            524.70703125,
            353.90237426757824
          ],
          [
            509.5456848144532,
            265.1190795898438
          ]
        ]
      },
      {
        "id": 5,
        "center": [
          435.8952032550845,
          77.73751926847804
        ],
        "t": [
          0.007424289902672338,
          -0.007915542802516998,
          0.036517222051530074
        ],
        "R": [
          [
            0.9805781463202213,
            0.1836605099962378,
            0.06881363256739327
          ],
          [
            -0.1790832892926133,
            0.981502454760207,
            -0.06769126085268373
          ],
          [
            -0.07997296077635567,
            0.0540531994206611,
            0.9953303859407959
          ]
        ],
        "corners": [
          [
            399.1751708984375,
            130.95617675781253
          ],
          [
            489.1968078613281,
            114.20633697509763
          ],
          [
            473.6001892089844,
            23.09136009216307
          ],
          [
            383.0259094238281,
            41.56448745727541
          ]
        ]
      }
    ]
  },
  {
    "frame": 4,
    "detections": [
      {
        "id": 1,
        "center": [
          189.63370331566074,
          148.7405185913246
        ],
        "t": [
          -0.008522480047075346,
          -0.003457945308553616,
          0.03739931272817543
        ],
        "R": [
          [
            0.9752117129517069,
            0.22122898433217697,
            0.004455492470143131
          ],
          [
            -0.22078418358649227,
            0.9741951873394655,
            -0.04688369911461403
          ],
          [
            -0.014712552458502112,
            0.04473783025557884,
            0.9988904180860776
          ]
        ],
        "corners": [
          [
            156.99598693847656,
            201.50767517089844
          ],
          [
            242.92137145996094,
            182.13601684570315
          ],
          [
            222.71138000488284,
            95.26205444335936
          ],
          [
            136.23037719726562,
            115.27253723144528
          ]
        ]
      },
      {
        "id": 3,
        "center": [
          471.9545843898323,
          316.74544401228246
        ],
        "t": [
          0.009757002344153594,
          0.007399385306583064,
          0.03667175456256844
        ],
        "R": [
          [
            0.1721410295625435,
            -0.9836655280021788,
            0.05262694140212726
          ],
          [
            0.9847912960803298,
            0.1705701351839046,
            -0.03304439661680614
          ],
          [
            0.023528049336307737,
            0.0575148502870345,
            0.9980673689139868
          ]
        ],
        "corners": [
          [
            419.29415893554693,
            279.6788330078125
          ],
          [
            434.45294189453125,
            367.9444580078125
          ],
          [
            524.6593017578125,
            353.8432312011719
          ],
          [
            509.7322082519531,
            265.1696472167968
          ]
        ]
      },
      {
        "id": 5,
        "center": [
          435.9913831521635,
          77.77424983792166
        ],
        "t": [
          0.007427355968789682,
          -0.00791091473003644,
          0.036505809923704
        ],
        "R": [
          [
            0.9805307133230277,
            0.18602791368049393,
            0.06287396569261972
          ],
          [
            -0.18103141965718317,
            0.9804131713733757,
            -0.07757343936235672
          ],
          [
            -0.07607328918312162,
            0.0646809765640803,
            0.9950021235874715
          ]
        ],
        "corners": [
          [
            399.3072204589843,
            131.09445190429688
          ],
          [
            489.19781494140625,
            114.1914825439453
          ],
          [
            473.69033813476574,
            22.97905349731444
          ],
          [
            383.0569152832031,
            41.54316329956056
          ]
        ]
      }
    ]
  },
  {
    "frame": 5,
    "detections": [
      {
        "id": 1,
        "center": [
          189.62853666577632,
          148.73619202754475
        ],
        "t": [
          -0.00852067974473524,
          -0.0034573875012649125,
          0.037385450001101696
        ],
        "R": [
          [
            0.9749946438019909,
            0.22214064301853825,
            0.006243338589208244
          ],
          [
            -0.2216872605733093,
            0.9741960571995044,
            -0.04238868524078676
          ],
          [
            -0.015498485633466974,
            0.03994467243890238,
            0.9990816883953073
          ]
        ],
        "corners": [
          [
            156.97637939453125,
            201.583740234375
          ],
          [
            242.8884582519531,
            182.07870483398432
          ],
          [
            222.6949310302734,
            95.21820068359374
          ],
          [
            136.2422332763672,
            115.31455993652345
          ]
        ]
      },
      {
        "id": 3,
        "center": [
          471.9182075064515,
          316.7581878904244
        ],
        "t": [
          0.009754743299717464,
          0.0073984801812311575,
          0.036664629048072425
        ],
        "R": [
          [
            0.17268068899658962,
            -0.9836070579918641,
            0.05194742646419434
          ],
          [
            0.9846907089548175,
            0.1711167085397496,
            -0.03321565529357642
          ],
          [
            0.023782080348922967,
            0.05688785043497373,
            0.9980972823964432
          ]
        ],
        "corners": [
          [
            419.2859802246094,
            279.74411010742193
          ],
          [
            434.4651184082031,
            367.9745788574219
          ],
          [
            524.6595458984376,
            353.84899902343744
          ],
          [
            509.6955261230469,
            265.0984191894531
          ]
        ]
      },
      {
        "id": 5,
        "center": [
          435.8753625308432,
          77.71491767609375
        ],
        "t": [
          0.007428798163729832,
          -0.007921001511476846,
          0.03653943590280884
        ],
        "R": [
          [
            0.9802262333192473,
            0.18373492927140012,
            0.07347113227924627
          ],
          [
            -0.17889870031659943,
            0.9815297752891315,
            -0.06778314868681394
          ],
          [
            -0.0845682359860512,
            0.05329893044424802,
            0.9949911745717681
          ]
        ],
        "corners": [
          [
            399.21142578125,
            130.93072509765628
          ],
          [
            489.2248229980469,
            114.19862365722656
          ],
          [
            473.5466918945313,
            23.036931991577138
          ],
          [
            383.0797424316407,
            41.60996246337888
          ]
        ]
      }
    ]
  }
]