[
  {
    "frame": 0,
    "detections": [
      {
        "id": 2,
        "center": [
          174.9866386402259,
          161.6736064845752
        ],
        "t": [
          -0.010701685741359204,
          -0.0029423542957438447,
          0.0421795254206276
        ],
        "R": [
          [
            0.1386008135214779,
            -0.9903149278011835,
            0.008133773129414025
          ],
          [
            0.9891000158111511,
            0.1380092012174094,
            -0.05132854081028322
          ],
          [
            0.04970888465420168,
            0.015159292644083396,
            0.9986486983083522
          ]
        ],
        "corners": [
          [
            130.17727661132815,
            128.00704956054685
          ],
          [
            142.32135009765628,
            205.9970550537109
          ],
          [
            219.46669006347653,
            195.09274291992188
          ],
          [
            207.8803253173828,
            117.04024505615236
          ]
        ]
      },
      {
        "id": 4,
        "center": [
          406.17581539398327,
          123.92699978578176
        ],
        "t": [
          0.006254808325461676,
          -0.005624754816973952,
          0.04141309413014922
        ],
        "R": [
          [
            -0.13730487542309566,
            0.988674205418166,
            0.06058619253433063
          ],
          [
            -0.9902435862762781,
            -0.13554052123931148,
            -0.03234821387451846
          ],
          [
            -0.023769960533077974,
            -0.06443665605022102,
            0.9976386652156789
          ]
        ],
        "corners": [
          [
            451.53228759765625,
            157.8580780029297
          ],
          [
            441.04559326171875,
            78.16329193115236
          ],
          [
            361.00271606445307,
            90.13310241699219
          ],
          [
            371.6594848632812,
            169.22683715820312
          ]
        ]
      },
      {
        "id": 5,
        "center": [
          428.2437698880655,
          333.02349372891575
        ],
        "t": [
          0.007978413268629338,
          0.00968778470070627,
          0.04208498338525887
        ],
        "R": [
          [
            0.9917612818577635,
            0.12277695544407058,
            0.0365428381455337
          ],
          [
            -0.1224212451090716,
            0.9924077718510871,
            -0.011825950934438275
          ],
          [
            -0.03771735083208533,
            0.007254900512330008,
            0.9992621116928059
          ]
        ],
        "corners": [
          [
            393.78454589843744,
            376.3730773925781
          ],
          [
            472.3659973144531,
            367.545654296875
          ],
          [
            462.8091430664063,
            289.5403747558593
          ],
          [
            384.05856323242193,
            298.4520568847656
          ]
        ]
      }
    ]
  },
  {
    "frame": 1,
    "detections": [
      {
        "id": 2,
        "center": [
          176.80466218712073,
          162.0168522927394
        ],
        "t": [
          -0.01069609663587562,
          -0.0029510577020811766,
          0.04268560476240082
        ],
        "R": [
          [
            0.1393809511061576,
            -0.9902387154116562,
            -0.00048679422211569956
          ],
          [
            0.9892049906738486,
            0.13925787330562334,
            -0.04561503204367877
          ],
          [
            0.04523756066250331,
            0.00587632727703778,
            0.9989589740740304
          ]
        ],
        "corners": [
          [
            132.4449310302734,
            128.72753906250003
          ],
          [
            144.38552856445312,
            205.9351501464844
          ],
          [
            220.77064514160156,
            195.01068115234372
          ],
          [
            209.32562255859378,
            117.96060943603517
          ]
        ]
      },
      {
        "id": 4,
        "center": [
          405.1716829772064,
          124.69634147052389
        ],
        "t": [
          0.006255790629160424,
          -0.005634155712694159,
          0.041906193601955306
        ],
        "R": [
          [
            -0.13729781551422487,
            0.9880653959518559,
            0.06982895658338904
          ],
          [
            -0.9902534301810956,
            -0.13525277736077318,
            -0.033238986608664714
          ],
          [
            -0.02339773214642051,
            -0.07371200403394404,
            0.9970050584584335
          ]
        ],
        "corners": [
          [
            450.0146789550781,
            158.22238159179688
          ],
          [
            439.6624450683594,
            79.37702178955082
          ],
          [
            360.6008605957032,
            91.37378692626953
          ],
          [
            371.0409240722657,
            169.5426330566406
          ]
        ]
      },
      {
        "id": 5,
        "center": [
          426.9204616052243,
          331.30561863341705
        ],
        "t": [
          0.007987831576579313,
          0.00969016302021348,
          0.04265461179225922
        ],
        "R": [
          [
            0.9911816725007958,
            0.12215150323352436,
            0.05136051359085783
          ],
          [
            -0.12192823298493344,
            0.9925108093756224,
            -0.007469891145120076
          ],
          [
            -0.05188832334637715,
            0.0011417225312870434,
            0.9986522409577637
          ]
        ],
        "corners": [
          [
            392.90087890624994,
            373.9608154296875
          ],
          [
            470.61132812500006,
            365.6202697753907
          ],
          [
            461.0948181152345,
            288.45635986328125
          ],
          [
            383.27917480468756,
            297.02990722656244
          ]
        ]
      }
    ]
  },
  {
    "frame": 2,
    "detections": [
      {
        "id": 2,
        "center": [
          178.3662879377058,
          162.30910171021355
        ],
        "t": [
          -0.010686532581489482,
          -0.002960631240984992,
          0.04313770907272297
        ],
        "R": [
          [
            0.13869053489904593,
            -0.9903357064486085,
            -0.0003522248600761266
          ],
          [
            0.9891930402683279,
            0.1385475746529803,
            -0.047976021536588004
          ],
          [
            0.047561167081126565,
            0.006305401709040752,
            0.9988484255857687
          ]
        ],
        "corners": [
          [
            134.49797058105472,
            129.43479919433594
          ],
          [
            146.29042053222653,
            205.61465454101562
          ],
          [
            221.99255371093747,
            195.00201416015622
          ],
          [
            210.65380859375003,
            118.7177963256836
          ]
        ]
      },
      {
        "id": 4,
        "center": [
          404.3627959998069,
          125.48324529404
        ],
        "t": [
          0.006272374313803879,
          -0.005645809477789946,
          0.04241725289511692
        ],
        "R": [
          [
            -0.13985809176562114,
            0.9877968562762164,
            0.06853528214360215
          ],
          [
            -0.989428866430615,
            -0.13673770509826522,
            -0.048304433319184645
          ],
          [
            -0.038343610178316424,
            -0.0745665523896875,
            0.9964785982765557
          ]
        ],
        "corners": [
          [
            448.6758117675781,
            158.54528808593747
          ],
          [
            438.4715576171875,
            80.59489440917966
          ],
          [
            360.2068786621093,
            92.53841400146487
          ],
          [
            370.7188110351562,
            169.75993347167972
          ]
        ]
      },
      {
        "id": 5,
        "center": [
          425.95132688332245,
          330.0124512404589
        ],
        "t": [
          0.007981758363661422,
          0.009669337582489597,
          0.042990632635846314
        ],
        "R": [
          [
            0.9915487360294819,
            0.12392208549536088,
            0.038398187519954795
          ],
          [
            -0.12386954057751776,
            0.9922914122077067,
            -0.003753688312775236
          ],
          [
            -0.038567356604410956,
            -0.0010344009451252571,
            0.9992554673451794
          ]
        ],
        "corners": [
          [
            392.3524169921875,
            372.5750427246094
          ],
          [
            469.29278564453125,
            363.88397216796875
          ],
          [
            459.7065124511718,
            287.25189208984375
          ],
          [
            382.7218627929687,
            296.2284545898438
          ]
        ]
      }
    ]
  },
  {
    "frame": 3,
    "detections": [
      {
        "id": 2,
        "center": [
          177.77042925736995,
          162.25542510218153
        ],
        "t": [
          -0.010713763936787203,
          -0.0029596872986848953,
          0.04303885864579464
        ],
        "R": [
          [
            0.13849041892845515,
            -0.9903482796798943,
            -0.005539747295262576
          ],
          [
            0.9894812917831787,
            0.13860093510697732,
            -0.041431316640479346
          ],
          [
            0.04179924731515143,
            0.0002563640884286622,
            0.9991259966597511
          ]
        ],
        "corners": [
          [
            133.77133178710938,
            129.15769958496094
          ],
          [
            145.46878051757812,
            205.83979797363284
          ],
          [
            221.2472381591797,
            194.96026611328125
          ],
          [
            210.15017700195315,
            118.565673828125
          ]
        ]
      },
      {
        "id": 4,
        "center": [
          404.5548860501767,
          125.2295825122641
        ],
        "t": [
          0.006277568680404024,
          -0.005654575459687113,
          0.04234827404193021
        ],
        "R": [
          [
            -0.13735874399589842,
            0.9878511027230211,
            0.07268269599278399
          ],
          [
            -0.9905044796954796,
            -0.13655765628673855,
            -0.01590227067622818
          ],
          [
            -0.005783697005935867,
            -0.07417685190396672,
            0.9972283306698424
          ]
        ],
        "corners": [
          [
            449.11767578125,
            158.39433288574224
          ],
          [
            438.47955322265625,
            80.46350860595706
          ],
          [
            360.40646362304693,
            92.37321472167966
          ],
          [
            370.94140625,
            169.58502197265622
          ]
        ]
      },
      {
        "id": 5,
        "center": [
          426.99558192839226,
          331.44545487279413
        ],
        "t": [
          0.008004061122121185,
          0.009717805469376516,
          0.04272659880073745
        ],
        "R": [
          [
            0.9913983773615459,
            0.1230612998262286,
            0.044555289809107175
          ],
          [
            -0.1238787066683203,
            0.9921673273880438,
            0.01606426150964554
          ],
          [
            -0.04222941390877618,
            -0.021445534470958504,
            0.9988777531070437
          ]
        ],
        "corners": [
          [
            393.1778869628905,
            374.46844482421875
          ],
          [
            470.80194091796875,
            365.72717285156244
          ],
          [
            460.7389221191408,
            288.5170593261719
          ],
          [
            383.24169921875006,
            297.20480346679693
          ]
        ]
      }
    ]
  },
  {
    "frame": 4,
    "detections": [
      {
        "id": 2,
        "center": [
          175.99545039670318,
          161.8419222951667
        ],
        "t": [
          -0.01069539441417566,
          -0.002947757732170466,
          0.04243859324080818
        ],
        "R": [
          [
            0.14040357730856787,
            -0.9900914007432448,
            0.002419432420364173
          ],
          [
            0.9893056884913544,
            0.14019380308632406,
            -0.04024863096852392
          ],
          [
            0.03951063398130258,
            0.008044610026139841,
            0.9991867663514779
          ]
        ],
        "corners": [
          [
            131.43142700195312,
            128.41398620605466
          ],
          [
            143.38912963867188,
            206.07397460937503
          ],
          [
            220.15394592285156,
            194.96566772460938
          ],
          [
            208.68984985351562,
            117.49038696289061
          ]
        ]
      },
      {
        "id": 4,
        "center": [
          405.70987452790644,
          124.28423509342255
        ],
        "t": [
          0.006248705218771922,
          -0.005622797448537178,
          0.041604381611990864
        ],
        "R": [
          [
            -0.1358881741264404,
            0.9889236478802639,
            0.05970278716922639
          ],
          [
            -0.9907195191158968,
            -0.13545569304626076,
            -0.01125120722960999
          ],
          [
            -0.003039502483761735,
            -0.0606776226013246,
            0.9981527876733614
          ]
        ],
        "corners": [
          [
            450.9065856933594,
            158.0229034423828
          ],
          [
            440.2522888183593,
            78.91326904296874
          ],
          [
            360.8138122558593,
            90.76999664306639
          ],
          [
            371.3264770507813,
            169.44633483886722
          ]
        ]
      },
      {
        "id": 5,
        "center": [
          427.66685034287315,
          332.2169415858048
        ],
        "t": [
          0.00798198221866958,
          0.009687172417566598,
          0.04233376978004179
        ],
        "R": [
          [
            0.9918651858582479,
            0.12199712916696731,
            0.0363339174519075
          ],
          [
            -0.12191375646721941,
            0.9925304522233012,
            -0.004509699930253086
          ],
          [
            -0.036612689964481186,
            4.3409995753498215e-05,
            0.9993295297593968
          ]
        ],
        "corners": [
          [
            393.3690185546875,
            375.420654296875
          ],
          [
            471.5963745117188,
            366.620635986328
          ],
          [
            461.96188354492193,
            289.01675415039057
          ],
          [
            383.7313842773437,
            297.8085937500001
          ]
        ]
      }
    ]
  },
  {
    "frame": 5,
    "detections": [
      {
        "id": 2,
        "center": [
          175.9334925264748,
          161.8807490843578
        ],
        "t": [
          -0.010696261847107397,
          -0.002945459224416688,
          0.042437004729589174
        ],
        "R": [
          [
            0.13923396158208684,
            -0.9902471529967198,
            0.00494771907533955
          ],
          [
            0.9892227893122865,
            0.13885789097434326,
            -0.04644092181877161
          ],
          [
            0.04530096077764667,
            0.011360549988792544,
            0.9989087850532571
          ]
        ],
        "corners": [
          [
            131.38592529296875,
            128.45954895019534
          ],
          [
            143.39190673828122,
            205.9627685546875
          ],
          [
            220.15847778320315,
            195.0599365234375
          ],
          [
            208.6853179931641,
            117.5139312744141
          ]
        ]
      },
      {
        "id": 4,
        "center": [
          405.68429415925317,
          124.34640431919141
        ],
        "t": [
          0.00625846982941924,
          -0.005630049293432271,
          0.04167573876224774
        ],
        "R": [
          [
            -0.13915493338111862,
            0.9884900081123038,
            0.05935830504516908
          ],
          [
            -0.9898997417399453,
            -0.13721232483593127,
            -0.035655002682776285
          ],
          [
            -0.027099922857573698,
            -0.06372034035735905,
            0.9975997756644976
          ]
        ],
        "corners": [
          [
            450.7879943847656,
            157.98284912109378
          ],
          [
            440.2809753417967,
            78.80973815917972
          ],
          [
            360.7246704101562,
            90.81740570068355
          ],
          [
            371.4507141113282,
            169.40515136718744
          ]
        ]
      },
      {
        "id": 5,
        "center": [
          427.62717849383483,
          332.2240421761641
        ],
        "t": [
          0.007979039158431584,
          0.009685631284817083,
          0.042322568421582704
        ],
        "R": [
          [
            0.991811652514218,
            0.12233932586274554,
            0.03664335252763107
          ],
          [
            -0.12222714105262378,
            0.9924880314682369,
            -0.005294656023352147
          ],
          [
            -0.037015833465117234,
            0.0007724893219794669,
            0.9993143806296045
          ]
        ],
        "corners": [
          [
            393.3356323242188,
            375.43572998046875
          ],
          [
            471.5990905761719,
            366.6421203613282
          ],
          [
            461.95199584960926,
            288.9704284667969
          ],
          [
            383.7305603027344,
            297.8648986816406
          ]
        ]
      }
    ]
  }
]