[
  {
    "frame": 0,
    "detections": [
      {
        "id": 2,
        "center": [
          452.1956597027903,
          210.9555004164027
        ],
        "t": [
          0.003516582665017175,
          0.00025326165979248216,
          0.015160076256476585
        ],
        "R": [
          [
            -0.09651797510887211,
            -0.9943935265857884,
            0.04319484651163092
          ],
          [
            0.9952393952688598,
            -0.09582860205492627,
            0.017760212078492515
          ],
          [
            -0.01352133816445698,
            0.04470339262828698,
            0.9989087946863635
          ]
        ],
        "corners": [
          [
            354.25952148437494,
            93.13883209228511
          ],
          [
            333.10937500000006,
            308.8248291015625
          ],
          [
            552.8248291015625,
            332.0118713378906
          ],
          [
            572.900634765625,
            111.75587463378908
          ]
        ]
      }
    ]
  },
  {
    "frame": 1,
    "detections": [
      {
        "id": 2,
        "center": [
          452.1639565622402,
          211.05142300086703
        ],
        "t": [
          0.003519707670905969,
          0.00025556790747876363,
          0.01517935237880939
        ],
        "R": [
          [
            -0.09621368732533478,
            -0.9943150673317916,
            0.045612205035899106
          ],
          [
            0.9952711978404231,
            -0.0954894511426615,
            0.017804703585360307
          ],
          [
            -0.01334800062001558,
            0.047109570125904415,
            0.9988005402892014
          ]
        ],
        "corners": [
          [
            354.23394775390625,
            93.41687011718756
          ],
          [
            333.26196289062506,
            308.7428588867188
          ],
          [
            552.7968750000001,
            331.93273925781244
          ],
          [
            572.7961425781249,
            111.9384384155273
          ]
        ]
      }
    ]
  },
  {
    "frame": 2,
    "detections": [
      {
        "id": 2,
        "center": [
          451.4747247475684,
          210.99286897140908
        ],
        "t": [
          0.0035209484387913144,
          0.0002554601785434205,
          0.015267466620992728
        ],
        "R": [
          [
            -0.09642968309965477,
            -0.99418586454959,
            0.04791432924588815
          ],
          [
            0.995233468993068,
            -0.09560397540619298,
            0.019241155956851
          ],
          [
            -0.014548484915067288,
            0.04954136268125147,
            0.9986661078510479
          ]
        ],
        "corners": [
          [
            354.0771179199219,
            94.0997161865235
          ],
          [
            333.18154907226557,
            308.08477783203125
          ],
          [
            551.6383666992189,
            331.20571899414057
          ],
          [
            571.4710693359375,
            112.50304412841797
          ]
        ]
      }
    ]
  },
  {
    "frame": 3,
    "detections": [
      {
        "id": 2,
        "center": [
          451.4375306245053,
          211.0997584633107
        ],
        "t": [
          0.0035215275714295547,
          0.0002575579065325475,
          0.015273437783505288
        ],
        "R": [
          [
            -0.09597385378029485,
            -0.9941727170978364,
            0.04908796154725288
          ],
          [
            0.9952931453648038,
            -0.0951825755671699,
            0.018216259172374204
          ],
          [
            -0.01343778926734791,
            0.05060519624214528,
            0.9986283292260941
          ]
        ],
        "corners": [
          [
            353.97091674804693,
            94.21223449707031
          ],
          [
            333.32180786132824,
            308.09399414062506
          ],
          [
            551.6177368164062,
            331.24157714843744
          ],
          [
            571.4332885742186,
            112.56167602539057
          ]
        ]
      }
    ]
  },
  {
    "frame": 4,
    "detections": [
      {
        "id": 2,
        "center": [
          452.5939538543008,
          211.23930938319836
        ],
        "t": [
          0.003520898653873448,
          0.0002587760685267604,
          0.015136358786050763
        ],
        "R": [
          [
            -0.09568558805670065,
            -0.9945446046608648,
            0.04153670158074922
          ],
          [
            0.9953144403179683,
            -0.09500988223915793,
            0.017952358380750193
          ],
          [
            -0.013908024042723333,
            0.0430598608551646,
            0.998975683012535
          ]
        ],
        "corners": [
          [
            354.210205078125,
            93.16381835937504
          ],
          [
            333.45516967773443,
            309.2651062011719
          ],
          [
            553.4713745117188,
            332.3075866699219
          ],
          [
            573.3145141601561,
            111.91204833984375
          ]
        ]
      }
    ]
  },
  {
    "frame": 5,
    "detections": [
      {
        "id": 2,
        "center": [
          452.13798939331787,
          211.12514272260302
        ],
        "t": [
          0.003521666007788909,
          0.00025743120171522555,
          0.01519160719449676
        ],
        "R": [
          [
            -0.09633271303252997,
            -0.9942455145285104,
            0.04686006017634267
          ],
          [
            0.995281915395602,
            -0.09567203611217401,
            0.016148386687615517
          ],
          [
            -0.011572263661623932,
            0.048194588348579884,
            0.9987709268734531
          ]
        ],
        "corners": [
          [
            354.2748413085937,
            93.52661132812507
          ],
          [
            333.3234252929687,
            308.6393127441406
          ],
          [
            552.6394042968751,
            331.8939819335937
          ],
          [
            572.8178100585936,
            112.08010864257807
          ]
        ]
      }
    ]
  }
]