[
  {
    "frame": 0,
    "detections": [
      {
        "id": 2,
        "center": [
          143.90854050370044,
          265.4845897353767
        ],
        "t": [
          -0.010559708180992078,
          0.0038301140728744486,
          0.034284169259435435
        ],
        "R": [
          [
            0.13129608240127855,
            -0.991343121082714,
            -0.0003937360279622685
          ],
          [
            0.9913429198390737,
            0.13129633324775458,
            -0.0006986849317538292
          ],
          [
            0.0007443325976372851,
            -0.0002985928292338721,
            0.9999996784056014
          ]
        ],
        "corners": [
          [
            89.58949279785156,
            223.89144897460946
          ],
          [
            102.47719573974612,
            319.5685119628906
          ],
          [
            197.98347473144528,
            306.89080810546864
          ],
          [
            185.67070007324213,
            210.96882629394526
          ]
        ]
      },
      {
        "id": 4,
        "center": [
          428.8705705850239,
          223.76769057837805
        ],
        "t": [
          0.006416104697114796,
          0.0013107378772828976,
          0.03362285921959393
        ],
        "R": [
          [
            -0.12689428595134056,
            0.9886741117930288,
            0.0801332693902233
          ],
          [
            -0.9919161659048088,
            -0.12644693560340242,
            -0.010653276172735362
          ],
          [
            -0.00040001200348930774,
            -0.08083732520794919,
            0.9967272279032119
          ]
        ],
        "corners": [
          [
            484.98657226562506,
            266.8121032714844
          ],
          [
            472.4350891113281,
            168.46009826660153
          ],
          [
            373.5570983886719,
            181.33886718750003
          ],
          [
            385.86981201171875,
            278.3595581054688
          ]
        ]
      }
    ]
  },
  {
    "frame": 1,
    "detections": [
      {
        "id": 2,
        "center": [
          143.9677037531379,
          265.58363792514683
        ],
        "t": [
          -0.010549892912007046,
          0.00383285827182996,
          0.034250331706732945
        ],
        "R": [
          [
            0.1306693251482568,
            -0.9914245219975356,
            -0.0017159974525119046
          ],
          [
            0.9914149271792407,
            0.1306758520032401,
            -0.004501540781565501
          ],
          [
            0.004687177346758372,
            -0.001113052193367333,
            0.9999883956743373
          ]
        ],
        "corners": [
          [
            89.46803283691403,
            223.83100891113278
          ],
          [
            102.49224853515624,
            319.7596435546875
          ],
          [
            198.02386474609375,
            306.9964904785157
          ],
          [
            185.67459106445312,
            211.1053314208985
          ]
        ]
      },
      {
        "id": 4,
        "center": [
          428.73975501584056,
          223.84590719105054
        ],
        "t": [
          0.0064158220418181755,
          0.001317453915253001,
          0.0336579564061015
        ],
        "R": [
          [
            -0.12642270810713174,
            0.9881613381524974,
            0.08691644640415325
          ],
          [
            -0.9919736507034942,
            -0.12614469096769287,
            -0.00870593192300748
          ],
          [
            0.002361182932758339,
            -0.08731945213600534,
            0.9961775635366548
          ]
        ],
        "corners": [
          [
            484.85638427734375,
            266.8999328613281
          ],
          [
            472.3393859863281,
            168.5522918701172
          ],
          [
            373.567169189453,
            181.51617431640616
          ],
          [
            385.7259216308594,
            278.3966064453125
          ]
        ]
      }
    ]
  },
  {
    "frame": 2,
    "detections": [
      {
        "id": 2,
        "center": [
          143.90328341307355,
          265.4487600011927
        ],
        "t": [
          -0.010548208145397342,
          0.003826977338212013,
          0.0342408203000796
        ],
        "R": [
          [
            0.1305124575377234,
            -0.9914457611706531,
            0.0013420447862734618
          ],
          [
            0.9914423049252752,
            0.13050774692805034,
            -0.0031438823485896443
          ],
          [
            0.002941841586795355,
            0.0017408757877398124,
            0.9999941574427171
          ]
        ],
        "corners": [
          [
            89.55370330810545,
            223.75505065917972
          ],
          [
            102.40113830566406,
            319.61041259765625
          ],
          [
            198.06690979003906,
            306.99981689453114
          ],
          [
            185.60397338867185,
            211.0279998779296
          ]
        ]
      },
      {
        "id": 4,
        "center": [
          428.96311233153824,
          223.832620135225
        ],
        "t": [
          0.0064164131518779375,
          0.0013145301250442575,
          0.033599559227663944
        ],
        "R": [
          [
            -0.12695740348152576,
            0.9895728327796359,
            0.06802518890614279
          ],
          [
            -0.99190031687275,
            -0.12638459722103898,
            -0.012676552094847983
          ],
          [
            -0.003947035465589405,
            -0.06908358857039194,
            0.9976030667060273
          ]
        ],
        "corners": [
          [
            484.9639282226563,
            266.78424072265625
          ],
          [
            472.507049560547,
            168.56062316894534
          ],
          [
            373.6183166503906,
            181.38415527343744
          ],
          [
            385.8756408691406,
            278.52520751953125
          ]
        ]
      }
    ]
  },
  {
    "frame": 3,
    "detections": [
      {
        "id": 2,
        "center": [
          143.3033112679746,
          265.75565707507417
        ],
        "t": [
          -0.010566815019666768,
          0.0038396849152127106,
          0.03418380342497333
        ],
        "R": [
          [
            0.13042728186241126,
            -0.9914565753991216,
            0.0016072472833040697
          ],
          [
            0.9914547382414199,
            0.13043077727910868,
            0.0023052889200663846
          ],
          [
            -0.002495228370435642,
            0.0012928403668056787,
            0.9999960511917861
          ]
        ],
        "corners": [
          [
            88.96628570556643,
            223.97875976562497
          ],
          [
            101.60791778564453,
            320.0791931152344
          ],
          [
            197.51210021972656,
            307.43395996093756
          ],
          [
            185.12609863281253,
            211.2661437988281
          ]
        ]
      },
      {
        "id": 4,
        "center": [
          429.18477263350655,
          223.95844800004505
        ],
        "t": [
          0.0064138376985715785,
          0.0013174519265827715,
          0.033515496618729664
        ],
        "R": [
          [
            -0.12624198964261962,
            0.9888185236489958,
            0.07937812884978573
          ],
          [
            -0.9919789517598276,
            -0.1263493062055143,
            -0.0036894561738020507
          ],
          [
            0.00638116890121573,
            -0.07920719733714704,
            0.99683775037538
          ]
        ],
        "corners": [
          [
            485.5355224609375,
            267.1845703125
          ],
          [
            472.8102722167969,
            168.50883483886722
          ],
          [
            373.6730041503907,
            181.37590026855472
          ],
          [
            386.0672607421875,
            278.76239013671875
          ]
        ]
      }
    ]
  },
  {
    "frame": 4,
    "detections": [
      {
        "id": 2,
        "center": [
          141.9654188087651,
          266.3952939504105
        ],
        "t": [
          -0.010559412811671486,
          0.0038427568085834096,
          0.03389983809018404
        ],
        "R": [
          [
            0.13006512647777263,
            -0.9914426900325551,
            0.011155951565452286
          ],
          [
            0.9914668168793946,
            0.12995249772555761,
            -0.010290741563644235
          ],
          [
            0.008752936727853398,
            0.012399222390885143,
            0.9998848160576995
          ]
        ],
        "corners": [
          [
            87.14122772216795,
            224.1934661865234
          ],
          [
            100.3580322265625,
            320.89572143554693
          ],
          [
            196.5226593017578,
            308.39163208007824
          ],
          [
            183.93218994140625,
            211.42411804199222
          ]
        ]
      },
      {
        "id": 4,
        "center": [
          429.93603478153403,
          224.25900445061805
        ],
        "t": [
          0.006415273920785423,
          0.0013262999362727785,
          0.03329160049232619
        ],
        "R": [
          [
            -0.12629518810292523,
            0.9894591076787718,
            0.07085336755282184
          ],
          [
            -0.9919867846831834,
            -0.12572512061894775,
            -0.012466477420292369
          ],
          [
            -0.00342702144234288,
            -0.07186006037347624,
            0.9974088365595896
          ]
        ],
        "corners": [
          [
            486.44842529296875,
            267.7282409667969
          ],
          [
            473.9223327636718,
            168.43183898925784
          ],
          [
            374.12921142578125,
            181.3324890136719
          ],
          [
            386.4928283691407,
            279.3968811035156
          ]
        ]
      }
    ]
  },
  {
    "frame": 5,
    "detections": [
      {
        "id": 2,
        "center": [
          141.32490568832623,
          266.521209689909
        ],
        "t": [
          -0.010571783808880231,
          0.0038448298276062168,
          0.03382600650497921
        ],
        "R": [
          [
            0.1311426528459222,
            -0.9913431617336786,
            0.006351400507453864
          ],
          [
            0.9913087768197221,
            0.1310654011637848,
            -0.011347670155700597
          ],
          [
            0.010416986355001835,
            0.007784362635975334,
            0.9999154414717433
          ]
        ],
        "corners": [
          [
            86.28055572509764,
            224.38812255859378
          ],
          [
            99.60631561279295,
            321.20849609374994
          ],
          [
            196.24932861328128,
            308.5625
          ],
          [
            183.34947204589844,
            211.43283081054696
          ]
        ]
      },
      {
        "id": 4,
        "center": [
          430.4335052175395,
          224.3999085043194
        ],
        "t": [
          0.0064168911411920625,
          0.0013296170851503615,
          0.03315186541798627
        ],
        "R": [
          [
            -0.12819874586373997,
            0.9898112597658169,
            0.06195765973446639
          ],
          [
            -0.9915734847039861,
            -0.12675214156311043,
            -0.026756663490786405
          ],
          [
            -0.01863078073936321,
            -0.06486574327002562,
            0.9977200656291668
          ]
        ],
        "corners": [
          [
            486.99176025390625,
            267.83169555664057
          ],
          [
            474.6522216796875,
            168.31352233886722
          ],
          [
            374.3769836425781,
            181.35340881347653
          ],
          [
            386.79391479492193,
            279.75173950195307
          ]
        ]
      }
    ]
  }
]