[
  {
    "frame": 0,
    "detections": [
      {
        "id": 0,
        "center": [
          341.85773154575486,
          167.89588258519154
        ],
        "t": [
          0.001246974425050938,
          -0.001907130530933496,
          0.032389048381342184
        ],
        "R": [
          [
            -0.027746063128085363,
            -0.9983159701219916,
            0.05094487000944653
          ],
          [
            0.9967761653664097,
            -0.03146951596909725,
            -0.07380342622200324
          ],
          [
            0.07528234944745187,
            0.048732877650081635,
            0.9959707196989347
          ]
        ],
        "corners": [
          [
            292.3323364257812,
            115.06273651123047
          ],
          [
            289.7543029785156,
            217.2690582275391
          ],
          [
            391.12609863281256,
            220.45483398437503
          ],
          [
            395.1536865234375,
            117.39266967773438
          ]
        ]
      }
    ]
  },
  {
    "frame": 1,
    "detections": [
      {
        "id": 0,
        "center": [
          341.9599320096082,
          167.80003548167798
        ],
        "t": [
          0.0012545463633580338,
          -0.001914708029586491,
          0.032435065899294395
        ],
        "R": [
          [
            -0.029979269003960696,
            -0.9989877790823614,
            0.03353596090882848
          ],
          [
            0.9982179574922647,
            -0.03165432588365735,
            -0.05058569948930335
          ],
          [
            0.051596053821576573,
            0.03195967610820785,
            0.9981565139461344
          ]
        ],
        "corners": [
          [
            292.4259948730468,
            115.055923461914
          ],
          [
            289.63055419921875,
            217.05041503906247
          ],
          [
            391.3200988769532,
            220.359115600586
          ],
          [
            395.0767822265624,
            117.80851745605466
          ]
        ]
      }
    ]
  },
  {
    "frame": 2,
    "detections": [
      {
        "id": 0,
        "center": [
          342.0763370719016,
          167.89803896096976
        ],
        "t": [
          0.0012591574061877411,
          -0.0019050454164183206,
          0.032364244824249704
        ],
        "R": [
          [
            -0.025346705788887702,
            -0.9996781138910653,
            0.001101414024516148
          ],
          [
            0.9941603056114995,
            -0.025322378309302007,
            -0.1049002569263331
          ],
          [
            0.10489438141340884,
            -0.0015638938462727223,
            0.9944821380919497
          ]
        ],
        "corners": [
          [
            292.03829956054693,
            114.9052429199219
          ],
          [
            289.90411376953125,
            217.40896606445312
          ],
          [
            391.1910705566406,
            219.91300964355466
          ],
          [
            395.25592041015625,
            117.43113708496091
          ]
        ]
      }
    ]
  },
  {
    "frame": 3,
    "detections": [
      {
        "id": 0,
        "center": [
          341.80389411644103,
          167.52687088427842
        ],
        "t": [
          0.0012432249724656562,
          -0.0019252267227407452,
          0.032360934244572134
        ],
        "R": [
          [
            -0.02728344780798364,
            -0.9984752735372784,
            0.04798688998429913
          ],
          [
            0.9989648767095051,
            -0.028981832823707532,
            -0.03506035463230016
          ],
          [
            0.03639764520505451,
            0.04698065028109817,
            0.9982324528498822
          ]
        ],
        "corners": [
          [
            292.0946350097657,
            114.83571624755857
          ],
          [
            289.6909790039063,
            217.02720642089844
          ],
          [
            391.6399536132812,
            220.35243225097656
          ],
          [
            394.6932373046875,
            117.28903198242185
          ]
        ]
      }
    ]
  },
  {
    "frame": 4,
    "detections": [
      {
        "id": 0,
        "center": [
          341.88310412180067,
          167.4850430886538
        ],
        "t": [
          0.0012438842480798976,
          -0.0019226886678742107,
          0.03227664386486375
        ],
        "R": [
          [
            -0.028236052721808028,
            -0.9986138546156297,
            0.044419530573902605
          ],
          [
            0.9989825742137158,
            -0.0297539376248612,
            -0.033889815773383715
          ],
          [
            0.035164495503693785,
            0.04341742237317244,
            0.9984379728808596
          ]
        ],
        "corners": [
          [
            292.2107849121094,
            114.68360900878908
          ],
          [
            289.45971679687494,
            217.2321319580078
          ],
          [
            391.6376953125,
            220.3739318847656
          ],
          [
            395.02792358398443,
            117.05335235595699
          ]
        ]
      }
    ]
  },
  {
    "frame": 5,
    "detections": [
      {
        "id": 0,
        "center": [
          341.97919565093105,
          167.65827703656035
        ],
        "t": [
          0.001248895278552382,
          -0.0019122675862414207,
          0.03226804339869222
        ],
        "R": [
          [
            -0.0283568853536193,
            -0.9993655941187667,
            0.02154753685891502
          ],
          [
            0.9984649313059499,
            -0.02934417860501315,
            -0.04697552697098827
          ],
          [
            0.04757802019048996,
            0.02018238027690685,
            0.9986636087898224
          ]
        ],
        "corners": [
          [
            292.2455749511718,
            114.80127716064455
          ],
          [
            289.2791137695313,
            217.50074768066406
          ],
          [
            391.4800415039063,
            220.26788330078125
          ],
          [
            395.2953186035155,
            117.23316955566408
          ]
        ]
      }
    ]
  }
]