[
  {
    "frame": 0,
    "detections": [
      {
        "id": 2,
        "center": [
          148.71333759602882,
          263.30223612240377
        ],
        "t": [
          -0.010544783560791025,
          0.0038136839613665636,
          0.03519249509981264
        ],
        "R": [
          [
            0.13147230213146505,
            -0.991309856338568,
            0.004449999804483365
          ],
          [
            0.9913145641586842,
            0.13145562586072201,
            -0.003854000057619704
          ],
          [
            0.0032355307340693716,
            0.004918043876677718,
            0.9999826719425172
          ]
        ],
        "corners": [
          [
            95.95597076416021,
            222.88107299804688
          ],
          [
            108.30486297607423,
            316.1647644042968
          ],
          [
            201.71473693847653,
            303.9103698730469
          ],
          [
            188.953125,
            210.66038513183594
          ]
        ]
      },
      {
        "id": 4,
        "center": [
          426.5938170948145,
          222.6947822851601
        ],
        "t": [
          0.006472879191191159,
          0.0012848463668702415,
          0.03464824821869531
        ],
        "R": [
          [
            -0.11965224859738288,
            0.9904189309650846,
            0.06894694040760294
          ],
          [
            -0.9918554682925109,
            -0.12230175396387817,
            0.03556699306383546
          ],
          [
            0.0436585549902193,
            -0.06412972916938345,
            0.9969861124473236
          ]
        ],
        "corners": [
          [
            481.1327819824219,
            264.7805480957032
          ],
          [
            468.5073547363281,
            169.42381286621097
          ],
          [
            373.00189208984375,
            181.3398132324218
          ],
          [
            384.78649902343756,
            275.83074951171875
          ]
        ]
      }
    ]
  },
  {
    "frame": 1,
    "detections": [
      {
        "id": 2,
        "center": [
          148.94865323261186,
          263.47272026050354
        ],
        "t": [
          -0.010564571308470775,
          0.003821309125642841,
          0.035259446554650256
        ],
        "R": [
          [
            0.13124131360995347,
            -0.991182804898935,
            -0.018230876956771884
          ],
          [
            0.9913373969576349,
            0.13131176728906804,
            -0.0027175659481550813
          ],
          [
            0.0050875333114134514,
            -0.017716293181723616,
            0.9998301105491394
          ]
        ],
        "corners": [
          [
            95.57473754882814,
            222.72618103027335
          ],
          [
            108.33408355712893,
            316.6062927246094
          ],
          [
            201.45312499999997,
            303.5555114746094
          ],
          [
            189.2337188720703,
            210.77021789550776
          ]
        ]
      },
      {
        "id": 4,
        "center": [
          426.5536447411972,
          222.98972840633476
        ],
        "t": [
          0.006462150961650113,
          0.0012992499961301017,
          0.03459625702865607
        ],
        "R": [
          [
            -0.12319370913771,
            0.9909977000959739,
            0.052410575587230106
          ],
          [
            -0.9922586853476942,
            -0.1221717017488303,
            -0.022288486800606015
          ],
          [
            -0.01568474994889242,
            -0.05475065019053441,
            0.9983768601699232
          ]
        ],
        "corners": [
          [
            480.4125061035156,
            264.89569091796875
          ],
          [
            468.9622497558593,
            169.4056549072266
          ],
          [
            373.02627563476557,
            181.3416900634766
          ],
          [
            384.689453125,
            275.88592529296875
          ]
        ]
      }
    ]
  },
  {
    "frame": 2,
    "detections": [
      {
        "id": 2,
        "center": [
          148.81748928426714,
          263.3418503257541
        ],
        "t": [
          -0.010544194022973708,
          0.0038153428903731426,
          0.03518594037931733
        ],
        "R": [
          [
            0.13220630746528572,
            -0.991222002887718,
            -0.0006582231045140626
          ],
          [
            0.9912158077356124,
            0.1322078117055172,
            -0.003509561094483274
          ],
          [
            0.003565776413592338,
            -0.0001884550330856884,
            0.999993624841313
          ]
        ],
        "corners": [
          [
            95.79684448242189,
            222.77325439453134
          ],
          [
            108.33171081542966,
            316.44897460937506
          ],
          [
            201.71267700195312,
            303.8144531249999
          ],
          [
            188.91899108886727,
            210.7388000488281
          ]
        ]
      },
      {
        "id": 4,
        "center": [
          426.3966493200205,
          223.04110743223717
        ],
        "t": [
          0.006464640008190215,
          0.0013060862463491138,
          0.03466321429078495
        ],
        "R": [
          [
            -0.12603702583028237,
            0.9892300974753949,
            0.07442098070219871
          ],
          [
            -0.9920197186073662,
            -0.12593808743840323,
            -0.006039538601469999
          ],
          [
            0.0033979426154866414,
            -0.07458828581739589,
            0.9972086249149695
          ]
        ],
        "corners": [
          [
            480.7452697753907,
            264.8382873535156
          ],
          [
            468.5348815917969,
            169.42987060546875
          ],
          [
            372.7515869140625,
            181.78500366210943
          ],
          [
            384.75347900390625,
            276.0224914550782
          ]
        ]
      }
    ]
  },
  {
    "frame": 3,
    "detections": [
      {
        "id": 2,
        "center": [
          148.75636970356683,
          263.3890018652069
        ],
        "t": [
          -0.010555379259346933,
          0.0038187365899177692,
          0.03523386680214931
        ],
        "R": [
          [
            0.13345632736585417,
            -0.9910409642886067,
            -0.005216875303026021
          ],
          [
            0.9910481263008735,
            0.13347275936797454,
            -0.0029383434494921227
          ],
          [
            0.0036083294675693044,
            -0.004778033968900503,
            0.9999820750142703
          ]
        ],
        "corners": [
          [
            95.74094390869136,
            223.08479309082034
          ],
          [
            108.38825225830074,
            316.3144226074219
          ],
          [
            201.74353027343753,
            303.6717224121094
          ],
          [
            189.02297973632815,
            210.596664428711
          ]
        ]
      },
      {
        "id": 4,
        "center": [
          426.5032648428417,
          222.81699504180202
        ],
        "t": [
          0.006464044478164616,
          0.001293576542689082,
          0.03463316558323517
        ],
        "R": [
          [
            -0.12178672949475872,
            0.9898972975161067,
            0.07260394541124314
          ],
          [
            -0.9921490432047739,
            -0.12350584618060356,
            0.0196616893237781
          ],
          [
            0.028430064840275177,
            -0.06963940213357156,
            0.9971670296814152
          ]
        ],
        "corners": [
          [
            481.00650024414057,
            264.7448425292968
          ],
          [
            468.6263732910156,
            169.41903686523435
          ],
          [
            372.8980712890625,
            181.5799865722657
          ],
          [
            384.5599060058594,
            275.9870910644532
          ]
        ]
      }
    ]
  },
  {
    "frame": 4,
    "detections": [
      {
        "id": 2,
        "center": [
          148.66248383809653,
          263.189269080751
        ],
        "t": [
          -0.010549405397719798,
          0.0038097928825060676,
          0.03520725351857326
        ],
        "R": [
          [
            0.13610044655007547,
            -0.990662481378948,
            0.008032212458279148
          ],
          [
            0.9905815020260262,
            0.13620312077270835,
            0.014035588182784034
          ],
          [
            -0.01499854302029692,
            0.006046311262244448,
            0.9998692343638684
          ]
        ],
        "corners": [
          [
            96.15545654296875,
            223.0810546875
          ],
          [
            108.22444915771482,
            316.3397216796875
          ],
          [
            201.7480926513672,
            303.73944091796875
          ],
          [
            188.84280395507815,
            210.3775482177734
          ]
        ]
      },
      {
        "id": 4,
        "center": [
          426.512894140119,
          222.88017979907522
        ],
        "t": [
          0.006463835097151879,
          0.001295398898001068,
          0.03461604079408946
        ],
        "R": [
          [
            -0.1190042050730839,
            0.9904972315876953,
            0.06894369726113542
          ],
          [
            -0.9925558147238274,
            -0.12048804976700961,
            0.01776469873827647
          ],
          [
            0.025902776546973587,
            -0.06631639375338774,
            0.9974623712635496
          ]
        ],
        "corners": [
          [
            480.8192443847656,
            265.1078796386719
          ],
          [
            468.73693847656256,
            169.45146179199222
          ],
          [
            373.10278320312494,
            181.349380493164
          ],
          [
            384.5664672851562,
            275.9576110839843
          ]
        ]
      }
    ]
  },
  {
    "frame": 5,
    "detections": [
      {
        "id": 2,
        "center": [
          148.68489793661678,
          263.523782652649
        ],
        "t": [
          -0.010544930084594943,
          0.0038183657095659197,
          0.035186902571120976
        ],
        "R": [
          [
            0.12716904710350407,
            -0.9918680568226852,
            -0.005078514898751116
          ],
          [
            0.9918455123370087,
            0.1272061692886981,
            -0.007814739396253441
          ],
          [
            0.008397208805483293,
            -0.004043309249279169,
            0.9999565683241407
          ]
        ],
        "corners": [
          [
            95.76565551757812,
            222.83279418945312
          ],
          [
            108.06661987304685,
            316.1493225097656
          ],
          [
            201.46040344238284,
            304.10424804687506
          ],
          [
            189.3697204589844,
            210.8120269775391
          ]
        ]
      },
      {
        "id": 4,
        "center": [
          426.46523955027413,
          222.9462125710424
        ],
        "t": [
          0.006468397306549651,
          0.001300585082288503,
          0.03465988967478726
        ],
        "R": [
          [
            -0.1244890630443044,
            0.9881901699274018,
            0.08934573991636909
          ],
          [
            -0.9922174235271302,
            -0.12422398688976477,
            -0.008543156933783054
          ],
          [
            0.0026566203219158327,
            -0.08971392946507192,
            0.9959640320957386
          ]
        ],
        "corners": [
          [
            480.88397216796875,
            264.9039611816406
          ],
          [
            468.84790039062494,
            169.34701538085938
          ],
          [
            372.90100097656244,
            181.64729309082034
          ],
          [
            384.6849670410156,
            275.7835998535157
          ]
        ]
      }
    ]
  }
]