[
  {
    "frame": 0,
    "detections": [
      {
        "id": 1,
        "center": [
          469.09301762924883,
          148.97112742277417
        ],
        "t": [
          0.0037774426085509867,
          -0.0013274096920703159,
          0.014459793675935327
        ],
        "R": [
          [
            0.9899549341255578,
            -0.0995581788736215,
            0.10038624118787773
          ],
          [
            0.11614938814611597,
            0.9775243615208704,
            -0.17594158765481888
          ],
          [
            -0.08061357226761284,
            0.18583404330903264,
            0.9792686864766333
          ]
        ],
        "corners": [
          [
            342.743408203125,
            245.4671936035156
          ],
          [
            565.9348754882814,
            272.7009887695313
          ],
          [
            609.4779052734374,
            41.756000518798864
          ],
          [
            368.29913330078125,
            20.19196510314943
          ]
        ]
      }
    ]
  },
  {
    "frame": 1,
    "detections": [
      {
        "id": 1,
        "center": [
          469.0861117529888,
          148.8533133071618
        ],
        "t": [
          0.0037774463188480684,
          -0.0013293979599614046,
          0.014459441086325624
        ],
        "R": [
          [
            0.9898947985939918,
            -0.10032002502437026,
            0.10022065802852169
          ],
          [
            0.11687364324669652,
            0.977431412234647,
            -0.17597836767974603
          ],
          [
            -0.08030466506252357,
            0.18591322426361628,
            0.9792790377686547
          ]
        ],
        "corners": [
          [
            342.57977294921875,
            245.33235168457034
          ],
          [
            565.8169555664064,
            272.65325927734375
          ],
          [
            609.58984375,
            41.69927597045894
          ],
          [
            368.48638916015625,
            20.101823806762678
          ]
        ]
      }
    ]
  },
  {
    "frame": 2,
    "detections": [
      {
        "id": 1,
        "center": [
          469.16433016942796,
          148.99228362761275
        ],
        "t": [
          0.003777202392683247,
          -0.001326223323090442,
          0.014451930999130705
        ],
        "R": [
          [
            0.9902836026742058,
            -0.09921309252548965,
            0.09744305283664585
          ],
          [
            0.11568985783924307,
            0.9765807019517245,
            -0.18140008094985224
          ],
          [
            -0.0771637419241216,
            0.19091069861850557,
            0.9785698044009236
          ]
        ],
        "corners": [
          [
            342.7537231445313,
            245.46139526367185
          ],
          [
            565.72509765625,
            272.51867675781244
          ],
          [
            609.7230224609374,
            41.72618865966797
          ],
          [
            368.31121826171875,
            19.974863052368246
          ]
        ]
      }
    ]
  },
  {
    "frame": 3,
    "detections": [
      {
        "id": 1,
        "center": [
          469.6245467931838,
          148.6691968705799
        ],
        "t": [
          0.003780202801614283,
          -0.0013314289525090189,
          0.014422199296022785
        ],
        "R": [
          [
            0.9900429590938282,
            -0.0997795510112876,
            0.099292398242376
          ],
          [
            0.1159452226271388,
            0.97802698353936,
            -0.17326258920737558
          ],
          [
            -0.07982258138321474,
            0.18304988573852327,
            0.9798576911125583
          ]
        ],
        "corners": [
          [
            342.84506225585943,
            245.5191650390625
          ],
          [
            566.8128662109375,
            272.7322082519531
          ],
          [
            610.2210693359374,
            41.26405334472656
          ],
          [
            368.5039367675781,
            19.586530685424716
          ]
        ]
      }
    ]
  },
  {
    "frame": 4,
    "detections": [
      {
        "id": 1,
        "center": [
          470.4895153948676,
          148.54228599461763
        ],
        "t": [
          0.003785936392892371,
          -0.00132957357908607,
          0.014360417943187388
        ],
        "R": [
          [
            0.9902475359359152,
            -0.10003759165465431,
            0.09696544657136978
          ],
          [
            0.11568184289629424,
            0.9782572238669675,
            -0.17213516542592588
          ],
          [
            -0.07763716118564379,
            0.1816735649675824,
            0.9802893384072908
          ]
        ],
        "corners": [
          [
            343.1978454589845,
            245.8458099365235
          ],
          [
            568.0094604492186,
            273.14038085937494
          ],
          [
            611.5858764648438,
            40.68626403808587
          ],
          [
            368.92745971679693,
            18.779716491699197
          ]
        ]
      }
    ]
  },
  {
    "frame": 5,
    "detections": [
      {
        "id": 1,
        "center": [
          471.4654455467513,
          148.09943444489485
        ],
        "t": [
          0.003782920868994722,
          -0.0013318356710054766,
          0.014257704702808602
        ],
        "R": [
          [
            0.990436458037091,
            -0.10132370394557999,
            0.09364363090829506
          ],
          [
            0.1155652862726928,
            0.9800163696706934,
            -0.16190299498831187
          ],
          [
            -0.07536768007343125,
            0.1711765819153521,
            0.982353444847691
          ]
        ],
        "corners": [
          [
            343.1999816894532,
            246.36668395996094
          ],
          [
            569.93408203125,
            273.88220214843756
          ],
          [
            613.0345458984374,
            39.639949798584006
          ],
          [
            369.1486511230468,
            17.401071548461903
          ]
        ]
      }
    ]
  }
]