[
  {
    "frame": 0,
    "detections": [
      {
        "id": 2,
        "center": [
          76.92877161274055,
          96.89397305477428
        ],
        "t": [
          -0.013825337291958128,
          -0.00594826806266289,
          0.0324841560803861
        ],
        "R": [
          [
            0.18976670410972327,
            -0.9817683734183791,
            -0.010929728576856437
          ],
          [
            0.9758886348132879,
            0.18982954927400503,
            -0.1077316790210084
          ],
          [
            0.10784234072751812,
            0.009777687756275135,
            0.9941199255464859
          ]
        ],
        "corners": [
          [
            14.342719078063944,
            55.34998321533204
          ],
          [
            39.40191268920899,
            157.05088806152347
          ],
          [
            138.00663757324222,
            137.4368438720703
          ],
          [
            114.99844360351562,
            35.866909027099595
          ]
        ]
      },
      {
        "id": 5,
        "center": [
          419.1581222092128,
          298.7774946797812
        ],
        "t": [
          0.005708828241507814,
          0.005602240340631334,
          0.032882015297901995
        ],
        "R": [
          [
            0.9812384308068943,
            0.18215362528704523,
            0.06317593451949308
          ],
          [
            -0.1814616295390479,
            0.983258381344442,
            -0.01657204033731704
          ],
          [
            -0.06513692434140465,
            0.004797114830298117,
            0.9978648048591788
          ]
        ],
        "corners": [
          [
            378.39031982421875,
            356.5226440429688
          ],
          [
            478.6758728027344,
            339.82022094726557
          ],
          [
            460.1554870605469,
            240.70718383789057
          ],
          [
            360.06185913085926,
            258.02542114257807
          ]
        ]
      }
    ]
  },
  {
    "frame": 1,
    "detections": [
      {
        "id": 2,
        "center": [
          76.46631389116509,
          96.90869614093373
        ],
        "t": [
          -0.013731545000627551,
          -0.005908846498949086,
          0.03223810902494958
        ],
        "R": [
          [
            0.19495509348246193,
            -0.9807935082457381,
            0.006050265139830119
          ],
          [
            0.977358576869004,
            0.19374772405298862,
            -0.08504135255793008
          ],
          [
            0.08223578142049565,
            0.022492523364550758,
            0.9963590530761767
          ]
        ],
        "corners": [
          [
            14.460435867309556,
            55.94472122192387
          ],
          [
            38.829307556152365,
            157.26809692382815
          ],
          [
            137.94326782226562,
            137.52323913574213
          ],
          [
            115.08661651611325,
            34.97235870361326
          ]
        ]
      },
      {
        "id": 5,
        "center": [
          419.09040332005833,
          298.84409008325594
        ],
        "t": [
          0.005707847476767776,
          0.005611590671856303,
          0.03293584834311067
        ],
        "R": [
          [
            0.980143586783542,
            0.18344702489102127,
            0.07527109900703124
          ],
          [
            -0.18321892462797534,
            0.9830214372410461,
            -0.009983966281778958
          ],
          [
            -0.07582463283960958,
            -0.004005369293885355,
            0.9971131240092861
          ]
        ],
        "corners": [
          [
            378.6168518066407,
            356.45721435546875
          ],
          [
            478.69250488281244,
            339.9432678222657
          ],
          [
            459.77679443359375,
            240.92799377441412
          ],
          [
            359.6955871582031,
            257.88784790039057
          ]
        ]
      }
    ]
  },
  {
    "frame": 2,
    "detections": [
      {
        "id": 2,
        "center": [
          76.39233816979367,
          96.65461646560463
        ],
        "t": [
          -0.01378125343217252,
          -0.005935557017441669,
          0.03236860582783421
        ],
        "R": [
          [
            0.1897567935142591,
            -0.9818232817936126,
            -0.003924620135425133
          ],
          [
            0.9763706711801714,
            0.18912093895308624,
            -0.10456377436131996
          ],
          [
            0.10340537594520376,
            0.0160098025448003,
            0.9945104395872915
          ]
        ],
        "corners": [
          [
            14.464819908142088,
            55.56573104858398
          ],
          [
            38.90550994873046,
            156.60987854003906
          ],
          [
            138.34747314453128,
            137.76182556152344
          ],
          [
            114.80215454101564,
            35.223155975341776
          ]
        ]
      },
      {
        "id": 5,
        "center": [
          419.22257487579424,
          298.8843082686285
        ],
        "t": [
          0.005711354367854214,
          0.005606244340261234,
          0.03288760302890234
        ],
        "R": [
          [
            0.9818446227075026,
            0.18233856264258935,
            0.05228561402333497
          ],
          [
            -0.18146216130244514,
            0.9831718395068062,
            -0.02108596728274834
          ],
          [
            -0.05525052828533007,
            0.01121528306545299,
            0.9984095334831062
          ]
        ],
        "corners": [
          [
            378.5506896972656,
            356.62731933593744
          ],
          [
            478.43670654296875,
            339.7115783691407
          ],
          [
            460.15087890625,
            240.7772521972657
          ],
          [
            360.0544738769531,
            258.0887756347657
          ]
        ]
      }
    ]
  },
  {
    "frame": 3,
    "detections": [
      {
        "id": 2,
        "center": [
          76.58238547399216,
          96.83304266806763
        ],
        "t": [
          -0.013759403621426764,
          -0.0059179992642283685,
          0.03232629383786351
        ],
        "R": [
          [
            0.18982172575516237,
            -0.9818184718590253,
            0.0004480488141566791
          ],
          [
            0.9771684160574934,
            0.1888782969654922,
            -0.09729787045513544
          ],
          [
            0.09544421978842318,
            0.018907068832142,
            0.9952552052901587
          ]
        ],
        "corners": [
          [
            14.722980499267557,
            55.64284133911134
          ],
          [
            38.87596130371094,
            157.0111236572266
          ],
          [
            138.2354278564453,
            137.88583374023438
          ],
          [
            115.04825592041016,
            35.44291305541992
          ]
        ]
      },
      {
        "id": 5,
        "center": [
          419.32962388628766,
          299.14598813836636
        ],
        "t": [
          0.005687869982105853,
          0.005593189397647139,
          0.03276722239230123
        ],
        "R": [
          [
            0.9813336677302182,
            0.18476890368975502,
            0.053335586698209175
          ],
          [
            -0.18324392411655344,
            0.9825388830541635,
            -0.032233640207747286
          ],
          [
            -0.058360062144612444,
            0.021858534167726398,
            0.9980562647619198
          ]
        ],
        "corners": [
          [
            378.7724304199219,
            356.87240600585943
          ],
          [
            478.4824829101562,
            339.841583251953
          ],
          [
            460.29370117187494,
            240.84043884277338
          ],
          [
            359.48736572265625,
            257.9761047363281
          ]
        ]
      }
    ]
  },
  {
    "frame": 4,
    "detections": [
      {
        "id": 2,
        "center": [
          76.79007857651978,
          96.74196878865432
        ],
        "t": [
          -0.013791197791220716,
          -0.005927055072959027,
          0.03238509728386061
        ],
        "R": [
          [
            0.1912886991272777,
            -0.9815194621208821,
            0.00530839562658092
          ],
          [
            0.9767476989915097,
            0.18981972492904015,
            -0.09966144963151408
          ],
          [
            0.09681201423885895,
            0.024249072266750552,
            0.9950072443923296
          ]
        ],
        "corners": [
          [
            14.8064022064209,
            55.423076629638686
          ],
          [
            39.19944000244141,
            157.41339111328125
          ],
          [
            137.90034484863284,
            137.4786376953125
          ],
          [
            114.58226776123047,
            35.74524307250975
          ]
        ]
      },
      {
        "id": 5,
        "center": [
          419.0757616909668,
          298.9448785644256
        ],
        "t": [
          0.00569160351357953,
          0.005590878622148211,
          0.03279584680438987
        ],
        "R": [
          [
            0.9809868891700533,
            0.18391345791455843,
            0.061972278273208926
          ],
          [
            -0.18221306508381152,
            0.9827348355719518,
            -0.032103611418850965
          ],
          [
            -0.06680660288642737,
            0.020201063122514497,
            0.9975614241035463
          ]
        ],
        "corners": [
          [
            378.44152832031256,
            356.5494079589844
          ],
          [
            478.4678344726562,
            339.9246215820313
          ],
          [
            460.3288574218749,
            240.46302795410153
          ],
          [
            359.8680114746094,
            258.09231567382807
          ]
        ]
      }
    ]
  },
  {
    "frame": 5,
    "detections": [
      {
        "id": 2,
        "center": [
          76.6882227456477,
          96.8148903955693
        ],
        "t": [
          -0.013833026231801257,
          -0.005950883486768442,
          0.032484371837890394
        ],
        "R": [
          [
            0.19064714703953084,
            -0.9815599302085178,
            -0.013920083862422869
          ],
          [
            0.9748531837906474,
            0.19097325782459262,
            -0.11484983608651557
          ],
          [
            0.11539036085793838,
            0.008325755515936218,
            0.993285329810203
          ]
        ],
        "corners": [
          [
            13.967215538024917,
            55.39290237426759
          ],
          [
            39.39356231689455,
            156.91770935058597
          ],
          [
            138.1581268310547,
            137.41062927246094
          ],
          [
            114.62882995605469,
            35.67108535766599
          ]
        ]
      },
      {
        "id": 5,
        "center": [
          419.32494968374925,
          298.89160043544456
        ],
        "t": [
          0.005703445186856961,
          0.0055988084573123705,
          0.03283555704026341
        ],
        "R": [
          [
            0.9812938610630196,
            0.18437809348146933,
            0.05538119612439719
          ],
          [
            -0.18322781027473772,
            0.9827469410315361,
            -0.02521942574847061
          ],
          [
            -0.05907561072011941,
            0.01460029237023978,
            0.9981467345439489
          ]
        ],
        "corners": [
          [
            378.62255859374994,
            356.7096252441406
          ],
          [
            478.70556640624994,
            339.62487792968756
          ],
          [
            460.1951904296876,
            240.83514404296878
          ],
          [
            359.8083801269531,
            258.0650634765624
          ]
        ]
      }
    ]
  }
]