[
  {
    "frame": 0,
    "detections": [
      {
        "id": 4,
        "center": [
          453.726393924197,
          180.58052621214142
        ],
        "t": [
          0.0035411047864720335,
          -0.0005543721870505183,
          0.015121445660097547
        ],
        "R": [
          [
            0.10681552000184766,
            0.994276901635025,
            0.001971690084612031
          ],
          [
            -0.9938169720360165,
            0.10670525209387935,
            0.030689008924119684
          ],
          [
            0.030302983019793815,
            -0.005237561516253748,
            0.999527036737609
          ]
        ],
        "corners": [
          [
            552.4945678710938,
            301.6145935058594
          ],
          [
            573.125,
            84.101921081543
          ],
          [
            356.1379089355468,
            60.99209213256834
          ],
          [
            332.94570922851557,
            278.17590332031244
          ]
        ]
      }
    ]
  },
  {
    "frame": 1,
    "detections": [
      {
        "id": 4,
        "center": [
          452.6321844893844,
          180.72862138746692
        ],
        "t": [
          0.003537711493697402,
          -0.0005548593248758564,
          0.01523088594770701
        ],
        "R": [
          [
            0.10688304845397137,
            0.9942572632095197,
            0.0053393359419860766
          ],
          [
            -0.9938911119613674,
            0.10669205561922154,
            0.028235843035787335
          ],
          [
            0.02750402729388341,
            -0.008324651515848632,
            0.9995870290573787
          ]
        ],
        "corners": [
          [
            550.6885986328125,
            300.898681640625
          ],
          [
            571.4775390625,
            84.79994201660153
          ],
          [
            355.72546386718756,
            61.96753311157226
          ],
          [
            332.73291015625,
            277.50799560546875
          ]
        ]
      }
    ]
  },
  {
    "frame": 2,
    "detections": [
      {
        "id": 4,
        "center": [
          452.28492184269857,
          180.80889378534707
        ],
        "t": [
          0.0035419290799860183,
          -0.0005545618604881201,
          0.015293598149675297
        ],
        "R": [
          [
            0.10713877002677458,
            0.9942101096410902,
            0.008218384549403733
          ],
          [
            -0.9937481449631118,
            0.10682062348801097,
            0.0324650393501565
          ],
          [
            0.031399177370189865,
            -0.011645268785410045,
            0.9994390823734035
          ]
        ],
        "corners": [
          [
            550.1973876953124,
            300.5405883789062
          ],
          [
            570.6356811523438,
            85.36045837402342
          ],
          [
            355.7478332519531,
            62.75907135009763
          ],
          [
            332.73501586914057,
            277.22442626953125
          ]
        ]
      }
    ]
  },
  {
    "frame": 3,
    "detections": [
      {
        "id": 4,
        "center": [
          453.2416707531101,
          180.6675562435665
        ],
        "t": [
          0.0035413673373981044,
          -0.0005542590653019257,
          0.015177885081329626
        ],
        "R": [
          [
            0.1070248219222922,
            0.994246482060558,
            0.004429492375686191
          ],
          [
            -0.9937055725937973,
            0.1068162046321001,
            0.03375697593131502
          ],
          [
            0.033089613000695274,
            -0.008014445595165193,
            0.9994202550345207
          ]
        ],
        "corners": [
          [
            551.8568725585936,
            301.34393310546875
          ],
          [
            572.2238769531249,
            84.5745849609375
          ],
          [
            355.9917602539063,
            61.661899566650426
          ],
          [
            332.8885192871095,
            277.86773681640625
          ]
        ]
      }
    ]
  },
  {
    "frame": 4,
    "detections": [
      {
        "id": 4,
        "center": [
          454.3407676439199,
          180.72808085606425
        ],
        "t": [
          0.0035435339266593037,
          -0.000548071421349587,
          0.015067189845674641
        ],
        "R": [
          [
            0.10697150846498618,
            0.9942620791946255,
            0.00011938302581906285
          ],
          [
            -0.9937578852799012,
            0.10691343785326088,
            0.0318556470726266
          ],
          [
            0.03166009824280825,
            -0.0035262844437633353,
            0.9994924729567889
          ]
        ],
        "corners": [
          [
            553.41748046875,
            302.1382751464843
          ],
          [
            574.0184326171875,
            84.05150604248044
          ],
          [
            356.4057312011719,
            60.716915130615284
          ],
          [
            333.0011901855469,
            278.7471618652344
          ]
        ]
      }
    ]
  },
  {
    "frame": 5,
    "detections": [
      {
        "id": 4,
        "center": [
          453.7519058838943,
          180.7399662770835
        ],
        "t": [
          0.0035424216038810073,
          -0.0005506382684234049,
          0.015127555188656648
        ],
        "R": [
          [
            0.10690681946826674,
            0.994266840625839,
            0.0020932231346740514
          ],
          [
            -0.9938749026982536,
            0.10680493027721996,
            0.028379299762590536
          ],
          [
            0.027993030163170993,
            -0.005114342615654994,
            0.9995950348825735
          ]
        ],
        "corners": [
          [
            552.3522338867186,
            301.6262512207031
          ],
          [
            573.2192382812499,
            84.30208587646486
          ],
          [
            356.1709899902344,
            61.10350418090817
          ],
          [
            332.95117187500006,
            278.25421142578125
          ]
        ]
      }
    ]
  }
]