[
  {
    "frame": 0,
    "detections": [
      {
        "id": 5,
        "center": [
          417.8935060137495,
          146.0616820113957
        ],
        "t": [
          0.002318571462087202,
          -0.0013081255304993238,
          0.01348253780335589
        ],
        "R": [
          [
            0.9962693972792307,
            -0.06201405322612916,
            -0.060012875679683234
          ],
          [
            0.0500465424062945,
            0.9817193838471643,
            -0.18363658396931615
          ],
          [
            0.07030385222769278,
            0.17994807190190049,
            0.9811605677873195
          ]
        ],
        "corners": [
          [
            288.8644409179688,
            259.2545776367188
          ],
          [
            521.7504882812499,
            269.4809265136718
          ],
          [
            553.5834350585936,
            27.02543258666985
          ],
          [
            302.66094970703125,
            9.124186515808146
          ]
        ]
      }
    ]
  },
  {
    "frame": 1,
    "detections": [
      {
        "id": 5,
        "center": [
          417.81280169065724,
          146.08718512699213
        ],
        "t": [
          0.002316006135059369,
          -0.0013073456072749642,
          0.013482058127709466
        ],
        "R": [
          [
            0.9962134587802227,
            -0.062374113424573246,
            -0.06056578670870539
          ],
          [
            0.050302770936347246,
            0.9817097380291608,
            -0.1836181404296489
          ],
          [
            0.07091104132130133,
            0.17987623587682547,
            0.9811300443802102
          ]
        ],
        "corners": [
          [
            288.68768310546875,
            259.26434326171875
          ],
          [
            521.6177368164062,
            269.49478149414057
          ],
          [
            553.49267578125,
            27.164834976196264
          ],
          [
            302.57922363281244,
            9.092745780944824
          ]
        ]
      }
    ]
  },
  {
    "frame": 2,
    "detections": [
      {
        "id": 5,
        "center": [
          417.42538432000936,
          146.0742656274741
        ],
        "t": [
          0.0023126403143700486,
          -0.001310373899834493,
          0.013512131045800856
        ],
        "R": [
          [
            0.996316620297794,
            -0.06231335942576974,
            -0.058908720538275346
          ],
          [
            0.05054567058631523,
            0.9817061327718082,
            -0.18357070589612592
          ],
          [
            0.06926995960271301,
            0.1799169645011195,
            0.9812398068674861
          ]
        ],
        "corners": [
          [
            288.62316894531244,
            258.97448730468756
          ],
          [
            521.1063842773439,
            269.31106567382807
          ],
          [
            552.9007568359375,
            27.32475852966304
          ],
          [
            302.5022583007811,
            9.474905014038121
          ]
        ]
      }
    ]
  },
  {
    "frame": 3,
    "detections": [
      {
        "id": 5,
        "center": [
          417.428980422557,
          146.06191834296297
        ],
        "t": [
          0.002312525812597228,
          -0.0013105695368761255,
          0.013513779604534702
        ],
        "R": [
          [
            0.9963242055068858,
            -0.06206584201930937,
            -0.05904158513714961
          ],
          [
            0.050229191969713594,
            0.9815936382916631,
            -0.1842578561131242
          ],
          [
            0.06939096335361547,
            0.1806149509862604,
            0.9811030188951047
          ]
        ],
        "corners": [
          [
            288.61657714843756,
            258.9796447753906
          ],
          [
            521.1052856445312,
            269.1931152343749
          ],
          [
            552.8759155273438,
            27.328321456909187
          ],
          [
            302.4593200683593,
            9.518164634704664
          ]
        ]
      }
    ]
  },
  {
    "frame": 4,
    "detections": [
      {
        "id": 5,
        "center": [
          417.3980964539223,
          146.10026999620345
        ],
        "t": [
          0.002312415262621891,
          -0.0013100031177682523,
          0.013514880417829106
        ],
        "R": [
          [
            0.9963188699708297,
            -0.06213998548661756,
            -0.059053632773716114
          ],
          [
            0.050226812166874135,
            0.9813989731508884,
            -0.18529253314134259
          ],
          [
            0.06946924988513628,
            0.18164437151231788,
            0.9809074092993139
          ]
        ],
        "corners": [
          [
            288.644989013672,
            258.9611511230469
          ],
          [
            521.0035400390625,
            269.20751953124994
          ],
          [
            552.902404785156,
            27.321500778198207
          ],
          [
            302.464599609375,
            9.532670974731452
          ]
        ]
      }
    ]
  },
  {
    "frame": 5,
    "detections": [
      {
        "id": 5,
        "center": [
          416.894884418898,
          146.2357149631122
        ],
        "t": [
          0.0023107331204862847,
          -0.0013129430258844747,
          0.013574569056039064
        ],
        "R": [
          [
            0.9963979063433352,
            -0.062189393371063245,
            -0.05765146647534543
          ],
          [
            0.05062025613193144,
            0.9816200665220152,
            -0.18400987655680542
          ],
          [
            0.06803529895397231,
            0.180428723748333,
            0.9812322221282744
          ]
        ],
        "corners": [
          [
            288.7322082519531,
            258.5647888183594
          ],
          [
            520.1961669921875,
            268.93566894531244
          ],
          [
            551.8008422851561,
            27.996444702148416
          ],
          [
            302.4558715820311,
            10.306506156921401
          ]
        ]
      }
    ]
  }
]