[
  {
    "frame": 0,
    "detections": [
      {
        "id": 1,
        "center": [
          323.04263316615993,
          321.92672711317647
        ],
        "t": [
          0.00027758062196174045,
          0.010260092232253097,
          0.048645359778495455
        ],
        "R": [
          [
            0.9984177511867789,
            -0.03888153450242021,
            -0.04062290474439045
          ],
          [
            0.05252638764843476,
            0.9027678508448644,
            0.4269088732757271
          ],
          [
            0.020074180325509505,
            -0.42836717165964244,
            0.9033817540378914
          ]
        ],
        "corners": [
          [
            286.9825134277343,
            354.95751953125
          ],
          [
            356.7690734863281,
            358.55944824218756
          ],
          [
            357.2664184570314,
            290.5780029296875
          ],
          [
            291.2084045410156,
            287.3492736816405
          ]
        ]
      },
      {
        "id": 2,
        "center": [
          331.1008786817348,
          155.89047509823348
        ],
        "t": [
          0.0011201420424987517,
          -0.004547868417801643,
          0.056832220144368346
        ],
        "R": [
          [
            -0.06384299326091161,
            -0.99773078365097,
            -0.02138587306398415
          ],
          [
            0.9052304071471078,
            -0.06691838298392966,
            0.41961868403956576
          ],
          [
            -0.4200975865055259,
            0.00743057023638375,
            0.9074485133814449
          ]
        ],
        "corners": [
          [
            304.14108276367193,
            129.07151794433594
          ],
          [
            299.84860229492193,
            179.76568603515625
          ],
          [
            359.11798095703125,
            183.76121520996094
          ],
          [
            361.2962036132812,
            132.82272338867185
          ]
        ]
      },
      {
        "id": 4,
        "center": [
          508.845809419297,
          162.92417092171019
        ],
        "t": [
          0.01805483176946699,
          -0.0036769949719331497,
          0.054561960816366946
        ],
        "R": [
          [
            0.06892490384528119,
            0.9974501132192664,
            0.018510247669624114
          ],
          [
            -0.8850886835181192,
            0.05257878860045263,
            0.46244296220990433
          ],
          [
            0.4602905386145589,
            -0.04825704744574679,
            0.8864557955328276
          ]
        ],
        "corners": [
          [
            543.2191772460936,
            191.25074768066403
          ],
          [
            536.382568359375,
            139.08132934570312
          ],
          [
            476.58593750000006,
            136.33929443359378
          ],
          [
            479.9014282226563,
            187.9858093261719
          ]
        ]
      },
      {
        "id": 5,
        "center": [
          517.8167885132351,
          322.59844874555534
        ],
        "t": [
          0.016434398078424183,
          0.010021708958808512,
          0.047368602047595264
        ],
        "R": [
          [
            0.995380825332218,
            -0.08580752000777642,
            -0.04305905329970853
          ],
          [
            0.09598006038192863,
            0.8791387397100321,
            0.4668007115998624
          ],
          [
            -0.0022001295492365958,
            -0.46877728811363256,
            0.8833136552656677
          ]
        ],
        "corners": [
          [
            485.24282836914074,
            353.85137939453125
          ],
          [
            556.4796752929689,
            361.34381103515625
          ],
          [
            549.491516113281,
            292.20828247070307
          ],
          [
            481.3014526367186,
            286.0052185058593
          ]
        ]
      }
    ]
  },
  {
    "frame": 1,
    "detections": [
      {
        "id": 1,
        "center": [
          323.23139010833455,
          322.9231098851922
        ],
        "t": [
          0.0002825169059962952,
          0.010382996019631892,
          0.04884222693694275
        ],
        "R": [
          [
            0.9981903658966347,
            -0.032127831566610754,
            -0.05083105222174558
          ],
          [
            0.050467285619322344,
            0.9072075258572595,
            0.4176452539059526
          ],
          [
            0.032696276750726144,
            -0.41945477404218123,
            0.9071872166316401
          ]
        ],
        "corners": [
          [
            287.270263671875,
            356.2832336425781
          ],
          [
            356.7451477050781,
            358.9305725097656
          ],
          [
            357.13293457031256,
            291.4736022949219
          ],
          [
            291.15780639648443,
            288.4629821777343
          ]
        ]
      },
      {
        "id": 2,
        "center": [
          330.9554092557468,
          157.24052802743122
        ],
        "t": [
          0.001122076619427097,
          -0.004424446575461774,
          0.05693232848293675
        ],
        "R": [
          [
            -0.06429870072428046,
            -0.9975813462420555,
            -0.026403308789947177
          ],
          [
            0.9047360489535423,
            -0.06943794869284658,
            0.420274973089361
          ],
          [
            -0.4210918650474063,
            0.003135109442660794,
            0.9070125755907024
          ]
        ],
        "corners": [
          [
            304.13244628906244,
            130.44970703125003
          ],
          [
            299.9564208984375,
            180.8360290527344
          ],
          [
            359.0019226074219,
            185.25343322753903
          ],
          [
            361.28713989257807,
            134.15292358398438
          ]
        ]
      },
      {
        "id": 4,
        "center": [
          508.1537140179799,
          164.19539901151995
        ],
        "t": [
          0.018062044620845315,
          -0.0035734872054654764,
          0.05478018177895254
        ],
        "R": [
          [
            0.07245372586678181,
            0.9973037268486673,
            0.011650494486532048
          ],
          [
            -0.8792453488321494,
            0.05835379971845676,
            0.47278160985327067
          ],
          [
            0.47082701087029133,
            -0.04449843224404218,
            0.8811026134127449
          ]
        ],
        "corners": [
          [
            542.3085937499999,
            192.40919494628906
          ],
          [
            535.5983276367189,
            140.7603302001953
          ],
          [
            476.05676269531256,
            137.68156433105472
          ],
          [
            479.3892517089844,
            188.75749206542972
          ]
        ]
      },
      {
        "id": 5,
        "center": [
          517.3581858354577,
          323.16728183253775
        ],
        "t": [
          0.016408817509239757,
          0.010098808121298503,
          0.047434045069961316
        ],
        "R": [
          [
            0.9955228372784476,
            -0.0825163563366979,
            -0.046101316618765806
          ],
          [
            0.09450499485126157,
            0.8779985797506613,
            0.46924119587263996
          ],
          [
            0.0017568167894269071,
            -0.4714971313727554,
            0.8818658450705703
          ]
        ],
        "corners": [
          [
            484.6423034667968,
            354.8212585449218
          ],
          [
            556.0997314453125,
            361.8191223144532
          ],
          [
            548.5142211914062,
            293.0225219726563
          ],
          [
            480.90881347656244,
            286.80230712890625
          ]
        ]
      }
    ]
  },
  {
    "frame": 2,
    "detections": [
      {
        "id": 1,
        "center": [
          323.22576826414837,
          323.48026930510815
        ],
        "t": [
          0.00028823728841433,
          0.010402272814372044,
          0.04873073524328212
        ],
        "R": [
          [
            0.9917544743565343,
            -0.024415287235596606,
            -0.12580523177912098
          ],
          [
            0.07768458814726587,
            0.8952908926860788,
            0.43865626889143333
          ],
          [
            0.10192235946142886,
            -0.44481244499515415,
            0.8898054402054689
          ]
        ],
        "corners": [
          [
            287.69381713867193,
            356.23388671875006
          ],
          [
            356.8796691894531,
            359.78009033203125
          ],
          [
            356.615478515625,
            292.7013854980469
          ],
          [
            290.8962707519532,
            288.60897827148443
          ]
        ]
      },
      {
        "id": 2,
        "center": [
          330.85495925963613,
          158.2545892499426
        ],
        "t": [
          0.0011131012784104746,
          -0.0043042620378436446,
          0.05688832861753635
        ],
        "R": [
          [
            -0.06610242354491552,
            -0.9976364321434259,
            -0.01876216569650463
          ],
          [
            0.8992596919481576,
            -0.06771121552263493,
            0.4321425664404651
          ],
          [
            -0.43239157720611654,
            0.011693611614115668,
            0.901610106092775
          ]
        ],
        "corners": [
          [
            304.29000854492176,
            131.8719177246094
          ],
          [
            299.62753295898443,
            181.9180145263672
          ],
          [
            359.09286499023443,
            186.2987365722656
          ],
          [
            361.0845642089843,
            135.3472900390625
          ]
        ]
      },
      {
        "id": 4,
        "center": [
          507.6335227534343,
          165.2446572997659
        ],
        "t": [
          0.01801849308008302,
          -0.0034641692497695553,
          0.05482562066414287
        ],
        "R": [
          [
            0.07033449010407966,
            0.9974728391947166,
            0.01004960549629641
          ],
          [
            -0.8785661734664336,
            0.05717260161627466,
            0.4741864321814525
          ],
          [
            0.4724135247242058,
            -0.04218090436748326,
            0.8803671012506054
          ]
        ],
        "corners": [
          [
            541.8445434570312,
            193.4494171142578
          ],
          [
            534.7374877929686,
            141.98529052734378
          ],
          [
            475.5805053710937,
            138.81903076171878
          ],
          [
            478.740966796875,
            190.03890991210938
          ]
        ]
      },
      {
        "id": 5,
        "center": [
          516.8927433738743,
          324.08106983049595
        ],
        "t": [
          0.016509907775901847,
          0.010249112590803846,
          0.047847520167464394
        ],
        "R": [
          [
            0.995855586495052,
            -0.08578449710363095,
            -0.030210443612654403
          ],
          [
            0.08998559078000756,
            0.8811534428204164,
            0.46418875865072423
          ],
          [
            -0.013200162823588574,
            -0.46498347310673804,
            0.8852209472436959
          ]
        ],
        "corners": [
          [
            484.2412719726562,
            355.373779296875
          ],
          [
            555.1146850585938,
            362.23260498046875
          ],
          [
            548.3563232421876,
            293.9268188476562
          ],
          [
            480.54559326171886,
            287.8008728027344
          ]
        ]
      }
    ]
  },
  {
    "frame": 3,
    "detections": [
      {
        "id": 1,
        "center": [
          322.97352888170536,
          322.85219976675916
        ],
        "t": [
          0.0002804189893564564,
          0.010409966487594699,
          0.04898282890829399
        ],
        "R": [
          [
            0.9982039647518042,
            -0.035140310146072495,
            -0.0485180724742634
          ],
          [
            0.052585236782159706,
            0.9019523933419566,
            0.42862182984220604
          ],
          [
            0.02869908755246811,
            -0.43040334425693605,
            0.9021803165809489
          ]
        ],
        "corners": [
          [
            287.45098876953114,
            355.5802612304688
          ],
          [
            356.71112060546875,
            359.303955078125
          ],
          [
            356.8435058593751,
            291.6466979980469
          ],
          [
            291.2249755859375,
            288.54949951171875
          ]
        ]
      },
      {
        "id": 2,
        "center": [
          331.09823927691394,
          157.7228145856752
        ],
        "t": [
          0.0011214084408545043,
          -0.004382390748150428,
          0.05687226769876493
        ],
        "R": [
          [
            -0.05622802591309097,
            -0.9979821805808281,
            -0.029495361415850574
          ],
          [
            0.9044876265898043,
            -0.06342542325817918,
            0.42175745284519073
          ],
          [
            -0.42277717824861255,
            -0.0029636004548123027,
            0.9062288202349807
          ]
        ],
        "corners": [
          [
            303.76232910156244,
            130.84541320800778
          ],
          [
            300.2294921875001,
            181.53968811035156
          ],
          [
            359.1758728027344,
            185.32949829101565
          ],
          [
            361.21234130859364,
            134.48818969726565
          ]
        ]
      },
      {
        "id": 4,
        "center": [
          508.31157853608346,
          164.77170628758375
        ],
        "t": [
          0.018136772909899065,
          -0.0035465816781692456,
          0.05502990458916503
        ],
        "R": [
          [
            0.07861497116073432,
            0.9966618761328652,
            0.022017969314019947
          ],
          [
            -0.8810908938080163,
            0.05913270986689051,
            0.4692357184533048
          ],
          [
            0.46636736931091993,
            -0.05628878473652038,
            0.8827984195471226
          ]
        ],
        "corners": [
          [
            541.7922973632812,
            192.58824157714844
          ],
          [
            535.9234619140625,
            141.4225921630859
          ],
          [
            476.10546875,
            138.0141448974609
          ],
          [
            479.26068115234375,
            189.33767700195315
          ]
        ]
      },
      {
        "id": 5,
        "center": [
          517.3728444750994,
          323.4832878909024
        ],
        "t": [
          0.01644150595261304,
          0.010131079982247548,
          0.0475586406882114
        ],
        "R": [
          [
            0.9956631244352729,
            -0.07983353015630151,
            -0.04776557445037017
          ],
          [
            0.09291588782981969,
            0.8789806349230466,
            0.46771752289076685
          ],
          [
            0.004645473989519755,
            -0.47012727095230455,
            0.8825864086186412
          ]
        ],
        "corners": [
          [
            484.93347167968756,
            355.00814819335943
          ],
          [
            555.6884765625,
            361.54940795898426
          ],
          [
            548.4823608398436,
            293.2507934570312
          ],
          [
            480.54287719726557,
            286.89315795898443
          ]
        ]
      }
    ]
  },
  {
    "frame": 4,
    "detections": [
      {
        "id": 1,
        "center": [
          323.1859059205105,
          322.489302749973
        ],
        "t": [
          0.0002878286221203309,
          0.010337140674272936,
          0.048780888868251805
        ],
        "R": [
          [
            0.9989802357420446,
            -0.04161098350287756,
            -0.017521833485465238
          ],
          [
            0.04512414679724264,
            0.9071291065217486,
            0.41842633219824377
          ],
          [
            -0.0015165660519777246,
            -0.41879029376643556,
            0.9080817088095281
          ]
        ],
        "corners": [
          [
            287.1258850097656,
            355.6197509765625
          ],
          [
            356.7221069335937,
            359.0015563964843
          ],
          [
            357.46258544921875,
            290.99731445312506
          ],
          [
            291.5248107910156,
            288.01855468750006
          ]
        ]
      },
      {
        "id": 2,
        "center": [
          331.24056398407885,
          156.4250990954903
        ],
        "t": [
          0.0011249981004862765,
          -0.004489666625950789,
          0.05682582885239232
        ],
        "R": [
          [
            -0.06404948481314005,
            -0.997563407719321,
            -0.027657025772636845
          ],
          [
            0.9054122064243564,
            -0.06974293250722025,
            0.41876563830270547
          ],
          [
            -0.4196741592628146,
            0.0017807146627953907,
            0.9076730849277946
          ]
        ],
        "corners": [
          [
            304.2680053710937,
            129.460205078125
          ],
          [
            299.8221435546875,
            180.36151123046875
          ],
          [
            359.2004089355469,
            184.3769989013672
          ],
          [
            361.2783813476562,
            133.54051208496094
          ]
        ]
      },
      {
        "id": 4,
        "center": [
          508.5061058535985,
          163.5603916010416
        ],
        "t": [
          0.018111834492237786,
          -0.0036307615713383028,
          0.05481472653345931
        ],
        "R": [
          [
            0.06837780553069608,
            0.9974863106252289,
            0.01858859397791629
          ],
          [
            -0.8840168008255163,
            0.05194217189711341,
            0.4645603369174239
          ],
          [
            0.4624270445908479,
            -0.048198245755216154,
            0.8853463489149846
          ]
        ],
        "corners": [
          [
            542.8436889648438,
            191.79948425292966
          ],
          [
            535.9108886718751,
            139.80230712890625
          ],
          [
            476.4570617675782,
            137.20338439941406
          ],
          [
            479.7662353515624,
            188.4759063720703
          ]
        ]
      },
      {
        "id": 5,
        "center": [
          517.7142665028181,
          322.7302907879271
        ],
        "t": [
          0.01640809961503981,
          0.010043049457185687,
          0.047370884742414854
        ],
        "R": [
          [
            0.9952560157085918,
            -0.08503128933015702,
            -0.0472772993170155
          ],
          [
            0.09728872699838637,
            0.8728546651265856,
            0.47818368559141616
          ],
          [
            0.0006056359409584156,
            -0.4805147379650368,
            0.8769864422005047
          ]
        ],
        "corners": [
          [
            484.91357421875,
            354.2186279296875
          ],
          [
            556.4013671875,
            361.2392883300782
          ],
          [
            548.8647460937501,
            292.8261413574219
          ],
          [
            481.0235900878907,
            286.20852661132807
          ]
        ]
      }
    ]
  },
  {
    "frame": 5,
    "detections": [
      {
        "id": 1,
        "center": [
          323.27810817115056,
          322.8958224097389
        ],
        "t": [
          0.00028909332497826867,
          0.010365303602915285,
          0.04878045522916111
        ],
        "R": [
          [
            0.9980555534831275,
            -0.03633509117478445,
            -0.05064457829628009
          ],
          [
            0.053882406577977104,
            0.911401078207837,
            0.40797642199391554
          ],
          [
            0.03133366277429961,
            -0.4099119854199338,
            0.9115867297115697
          ]
        ],
        "corners": [
          [
            287.23449707031256,
            356.1146545410156
          ],
          [
            356.7208251953125,
            359.1602172851563
          ],
          [
            357.42468261718756,
            291.42535400390625
          ],
          [
            291.25558471679693,
            288.1714477539062
          ]
        ]
      },
      {
        "id": 2,
        "center": [
          331.0731699287657,
          156.97983688300712
        ],
        "t": [
          0.001127609213474351,
          -0.004425860292894251,
          0.05673308887877025
        ],
        "R": [
          [
            -0.06348485825501538,
            -0.9977321244099251,
            -0.0223669553761478
          ],
          [
            0.9056434568313606,
            -0.06701192292194624,
            0.4187115131983437
          ],
          [
            -0.4192607802679429,
            0.006325354279492518,
            0.9078438125703973
          ]
        ],
        "corners": [
          [
            304.22369384765625,
            130.2253112792969
          ],
          [
            299.86553955078125,
            180.87188720703125
          ],
          [
            359.3277587890625,
            185.1345062255859
          ],
          [
            361.36242675781244,
            133.79087829589844
          ]
        ]
      },
      {
        "id": 4,
        "center": [
          508.3665306485364,
          164.07141456296344
        ],
        "t": [
          0.01799806724707549,
          -0.003568825320080732,
          0.05452544842506177
        ],
        "R": [
          [
            0.06975279964096788,
            0.9975035802920995,
            0.011007008980195021
          ],
          [
            -0.8777804629433018,
            0.0561310399285169,
            0.4757633500298083
          ],
          [
            0.4739578101659362,
            -0.042847563069401504,
            0.8795044516781731
          ]
        ],
        "corners": [
          [
            542.7951660156249,
            192.29600524902344
          ],
          [
            535.8023681640625,
            140.5264892578125
          ],
          [
            476.01531982421875,
            137.54989624023435
          ],
          [
            479.5864868164063,
            188.76991271972656
          ]
        ]
      },
      {
        "id": 5,
        "center": [
          517.3534447918335,
          323.1870735156178
        ],
        "t": [
          0.016407705681236825,
          0.010076609233135747,
          0.047384110175069806
        ],
        "R": [
          [
            0.9952025355144057,
            -0.08235345923886173,
            -0.0528187566787693
          ],
          [
            0.09762705579376779,
            0.8711976373885235,
            0.4811274618910195
          ],
          [
            0.006393065206803994,
            -0.4839758096847889,
            0.8750580234231411
          ]
        ],
        "corners": [
          [
            485.20986938476574,
            354.29632568359375
          ],
          [
            556.3121948242186,
            361.90142822265625
          ],
          [
            548.6127319335936,
            292.9336547851562
          ],
          [
            480.80612182617193,
            286.86901855468744
          ]
        ]
      }
    ]
  }
]