[
  {
    "frame": 0,
    "detections": [
      {
        "id": 1,
        "center": [
          106.45248539322256,
          143.6813201214135
        ],
        "t": [
          -0.011768599532582604,
          -0.0031920526095076856,
          0.03151194810300053
        ],
        "R": [
          [
            0.9600108147574895,
            0.27977096282091807,
            -0.010365515467977801
          ],
          [
            -0.27972997126442584,
            0.9570442886931966,
            -0.07627170285326958
          ],
          [
            -0.01141835036526105,
            0.0761212049431069,
            0.9970331907378739
          ]
        ],
        "corners": [
          [
            72.71392822265626,
            208.49951171874997
          ],
          [
            172.64883422851562,
            179.4539489746094
          ],
          [
            140.8548889160156,
            77.58775329589847
          ],
          [
            39.704151153564446,
            107.61039733886716
          ]
        ]
      },
      {
        "id": 3,
        "center": [
          449.7114218211994,
          319.70666124469244
        ],
        "t": [
          0.007158030110344469,
          0.006522509895694466,
          0.03149712229194566
        ],
        "R": [
          [
            0.22985308960246872,
            -0.9728140359157389,
            0.028291495639691355
          ],
          [
            0.9713797033839837,
            0.22753079660598652,
            -0.06819976869087316
          ],
          [
            0.059908505688614375,
            0.04315771218654362,
            0.9972704662352038
          ]
        ],
        "corners": [
          [
            386.5728149414062,
            280.7785034179688
          ],
          [
            409.63189697265625,
            381.1900939941407
          ],
          [
            512.7476806640625,
            358.5717163085937
          ],
          [
            490.3332824707031,
            257.3912658691406
          ]
        ]
      }
    ]
  },
  {
    "frame": 1,
    "detections": [
      {
        "id": 1,
        "center": [
          107.73470652429819,
          144.08169776549335
        ],
        "t": [
          -0.011754892450600251,
          -0.003188848076660125,
          0.03166553591241379
        ],
        "R": [
          [
            0.9602614431521047,
            0.278896763431662,
            -0.01070309033785866
          ],
          [
            -0.27883123469630444,
            0.9569350386687165,
            -0.08079897478208507
          ],
          [
            -0.012292410388986465,
            0.08057249602342677,
            0.9966729501352907
          ]
        ],
        "corners": [
          [
            74.23271942138672,
            208.44281005859375
          ],
          [
            173.55897521972656,
            179.67427062988278
          ],
          [
            142.0286407470703,
            78.19916534423824
          ],
          [
            41.22159576416015,
            108.11665344238281
          ]
        ]
      },
      {
        "id": 3,
        "center": [
          448.8230254438398,
          318.94524411119045
        ],
        "t": [
          0.0071568848603250496,
          0.00652300038170292,
          0.03171424358796013
        ],
        "R": [
          [
            0.23178163518257222,
            -0.9718783396644844,
            0.04159046144366269
          ],
          [
            0.9711641405728095,
            0.2287339115479287,
            -0.06723845457370542
          ],
          [
            0.05583444866360642,
            0.05597580369220383,
            0.9968697125218736
          ]
        ],
        "corners": [
          [
            385.89117431640625,
            280.17208862304693
          ],
          [
            409.1471557617188,
            379.88824462890625
          ],
          [
            511.7150268554687,
            357.69384765624994
          ],
          [
            489.14294433593744,
            257.0129699707031
          ]
        ]
      }
    ]
  },
  {
    "frame": 2,
    "detections": [
      {
        "id": 1,
        "center": [
          108.73972033600185,
          144.19668627317807
        ],
        "t": [
          -0.011753008357690992,
          -0.003193805109829634,
          0.03181240091427046
        ],
        "R": [
          [
            0.9599853883791851,
            0.2796622543204922,
            -0.014733553775185516
          ],
          [
            -0.27998484581633515,
            0.957296978272434,
            -0.07204846635195632
          ],
          [
            -0.006044850012122724,
            0.0732906467350794,
            0.9972923046376547
          ]
        ],
        "corners": [
          [
            75.11488342285158,
            208.42254638671875
          ],
          [
            174.34446716308594,
            179.63925170898435
          ],
          [
            142.97789001464844,
            78.79931640624999
          ],
          [
            42.58908081054687,
            108.45920562744139
          ]
        ]
      },
      {
        "id": 3,
        "center": [
          448.5522453232111,
          318.4648624205294
        ],
        "t": [
          0.007157840259706852,
          0.006514226140911464,
          0.031789127110773835
        ],
        "R": [
          [
            0.23200123422873914,
            -0.9721526606879413,
            0.033085217752003855
          ],
          [
            0.9712739894797423,
            0.22967233739699733,
            -0.06226921225377255
          ],
          [
            0.052936421077055804,
            0.04658134553612135,
            0.9975108588740261
          ]
        ],
        "corners": [
          [
            385.78399658203136,
            279.90692138671875
          ],
          [
            408.9950256347657,
            379.5841369628906
          ],
          [
            511.2460632324219,
            356.9770812988282
          ],
          [
            488.5556335449219,
            256.6562194824219
          ]
        ]
      }
    ]
  },
  {
    "frame": 3,
    "detections": [
      {
        "id": 1,
        "center": [
          108.2167582602968,
          144.16910760953328
        ],
        "t": [
          -0.011766910351206278,
          -0.003192831768906354,
          0.031764286607379885
        ],
        "R": [
          [
            0.9598526038695642,
            0.2799388610845652,
            -0.01781047162468298
          ],
          [
            -0.2804682748901469,
            0.9567653435458312,
            -0.07705598075277735
          ],
          [
            -0.004530521488983584,
            0.07895765602083113,
            0.996867675737725
          ]
        ],
        "corners": [
          [
            74.6631546020508,
            208.48577880859378
          ],
          [
            173.89483642578125,
            179.56033325195312
          ],
          [
            142.4362487792969,
            78.57604217529298
          ],
          [
            41.68906784057618,
            108.3200607299805
          ]
        ]
      },
      {
        "id": 3,
        "center": [
          448.75603942721403,
          318.71353282855523
        ],
        "t": [
          0.007155872085415185,
          0.006516972228752932,
          0.03173928514615814
        ],
        "R": [
          [
            0.2309868678784579,
            -0.9723521154881244,
            0.03429913079756481
          ],
          [
            0.9713652769134444,
            0.22845011492945508,
            -0.06526901098979575
          ],
          [
            0.05562882053906146,
            0.04839326910312456,
            0.9972780584325243
          ]
        ],
        "corners": [
          [
            385.8571472167969,
            279.9763488769531
          ],
          [
            409.04449462890625,
            379.7921142578125
          ],
          [
            511.4360046386718,
            357.3158874511718
          ],
          [
            488.9357299804688,
            256.91491699218756
          ]
        ]
      }
    ]
  },
  {
    "frame": 4,
    "detections": [
      {
        "id": 1,
        "center": [
          108.24762240048199,
          144.1393073317895
        ],
        "t": [
          -0.011767286108785732,
          -0.003194757143194554,
          0.03176685954653835
        ],
        "R": [
          [
            0.9599337589471826,
            0.27962703013854123,
            -0.018327641676769875
          ],
          [
            -0.280201556328768,
            0.9569099317954334,
            -0.07622644070264639
          ],
          [
            -0.0037770708848236245,
            0.07830776747652277,
            0.9969220768386934
          ]
        ],
        "corners": [
          [
            74.64070129394533,
            208.4703369140625
          ],
          [
            173.86985778808594,
            179.53636169433594
          ],
          [
            142.49482727050778,
            78.58263397216795
          ],
          [
            41.71049880981444,
            108.24875640869136
          ]
        ]
      },
      {
        "id": 3,
        "center": [
          448.76290452709793,
          318.7185657709179
        ],
        "t": [
          0.0071583920278908385,
          0.006518904439161559,
          0.03174546899183471
        ],
        "R": [
          [
            0.23091415145245897,
            -0.972227057321701,
            0.038120908574925054
          ],
          [
            0.9714548030667602,
            0.2281878694951098,
            -0.06485261609067942
          ],
          [
            0.05435273919052522,
            0.05200812654643107,
            0.9971664527628359
          ]
        ],
        "corners": [
          [
            385.8858032226563,
            279.9569091796875
          ],
          [
            409.0381164550782,
            379.7396240234375
          ],
          [
            511.5286254882812,
            357.4115600585938
          ],
          [
            488.9755249023437,
            256.9481506347657
          ]
        ]
      }
    ]
  },
  {
    "frame": 5,
    "detections": [
      {
        "id": 1,
        "center": [
          108.19556934307356,
          144.11843627254757
        ],
        "t": [
          -0.011756433233439261,
          -0.003192596490607545,
          0.03173578714955512
        ],
        "R": [
          [
            0.9598130896160245,
            0.28033826829214775,
            -0.01301108499325384
          ],
          [
            -0.2805254941062212,
            0.9570651549982973,
            -0.07301873899586472
          ],
          [
            -0.008017490767212528,
            0.07373428252207757,
            0.9972456946122916
          ]
        ],
        "corners": [
          [
            74.60076141357422,
            208.49307250976562
          ],
          [
            173.87701416015628,
            179.55343627929685
          ],
          [
            142.45851135253903,
            78.46351623535152
          ],
          [
            41.83691787719725,
            108.31808471679688
          ]
        ]
      },
      {
        "id": 3,
        "center": [
          448.765668643348,
          318.75791309917645
        ],
        "t": [
          0.0071562443495587205,
          0.006516517954412892,
          0.031733753380766956
        ],
        "R": [
          [
            0.23152486097826494,
            -0.9721150931689523,
            0.03726237220193136
          ],
          [
            0.9711601744295961,
            0.22871550720842385,
            -0.06735823902292701
          ],
          [
            0.05695747844551541,
            0.05178283881281209,
            0.997032789457606
          ]
        ],
        "corners": [
          [
            385.8421630859375,
            280.0092163085937
          ],
          [
            409.1029663085937,
            379.727294921875
          ],
          [
            511.4897766113281,
            357.38381958007807
          ],
          [
            489.01324462890636,
            256.8894653320312
          ]
        ]
      }
    ]
  }
]