[
  {
    "frame": 0,
    "detections": [
      {
        "id": 0,
        "center": [
          342.537149745505,
          166.7502808870959
        ],
        "t": [
          0.0012223677679305653,
          -0.001875422393529311,
          0.030812039916266125
        ],
        "R": [
          [
            -0.02700035652169569,
            -0.9995851575093294,
            0.01002465135313631
          ],
          [
            0.9989493528042892,
            -0.027351945763924412,
            -0.03677039019128623
          ],
          [
            0.037029329991149565,
            0.00902130533669758,
            0.9992734584539053
          ]
        ],
        "corners": [
          [
            290.1755676269531,
            111.42902374267578
          ],
          [
            287.3758850097657,
            218.93244934082028
          ],
          [
            394.6087951660156,
            221.76521301269534
          ],
          [
            398.1536865234374,
            114.1374282836914
          ]
        ]
      }
    ]
  },
  {
    "frame": 1,
    "detections": [
      {
        "id": 0,
        "center": [
          342.5970773933945,
          166.7455457259473
        ],
        "t": [
          0.0012255829384232632,
          -0.0018755379438189974,
          0.03081328597105902
        ],
        "R": [
          [
            -0.02680499333035724,
            -0.9996359269638646,
            0.0030831567678940713
          ],
          [
            0.9987971154356691,
            -0.02690892737372924,
            -0.04099063094149658
          ],
          [
            0.04105867179958567,
            0.0019806944972146114,
            0.9991547739561487
          ]
        ],
        "corners": [
          [
            290.2109069824218,
            111.37851715087888
          ],
          [
            287.4202270507813,
            218.96548461914065
          ],
          [
            394.59051513671875,
            221.69749450683597
          ],
          [
            398.18713378906244,
            114.13454437255858
          ]
        ]
      }
    ]
  },
  {
    "frame": 2,
    "detections": [
      {
        "id": 0,
        "center": [
          342.52203939589714,
          166.726314910392
        ],
        "t": [
          0.0012210110148779543,
          -0.0018759901313179725,
          0.030800485901255337
        ],
        "R": [
          [
            -0.02631085631217983,
            -0.9996083932584687,
            0.009528849213969983
          ],
          [
            0.9989981989929038,
            -0.026637575860171958,
            -0.035958837039437606
          ],
          [
            0.03619858076023261,
            0.008573195408733242,
            0.999307841994362
          ]
        ],
        "corners": [
          [
            290.1055297851563,
            111.43446350097655
          ],
          [
            287.3579406738281,
            218.97610473632812
          ],
          [
            394.6498718261719,
            221.71365356445315
          ],
          [
            398.12420654296875,
            114.06159973144533
          ]
        ]
      }
    ]
  },
  {
    "frame": 3,
    "detections": [
      {
        "id": 0,
        "center": [
          342.55202846339887,
          166.76245008364808
        ],
        "t": [
          0.001223375617929672,
          -0.001875213399718678,
          0.03082253777962833
        ],
        "R": [
          [
            -0.02691021963329482,
            -0.9995948440732416,
            0.009272959693606087
          ],
          [
            0.9988663005957163,
            -0.027252684319392706,
            -0.03903081771645861
          ],
          [
            0.03926771719257086,
            0.008212119067508501,
            0.9991949797146228
          ]
        ],
        "corners": [
          [
            290.21826171875006,
            111.48884582519527
          ],
          [
            287.3663024902343,
            218.9560546875
          ],
          [
            394.5662536621093,
            221.6985626220703
          ],
          [
            398.19287109375006,
            114.13840484619139
          ]
        ]
      }
    ]
  },
  {
    "frame": 4,
    "detections": [
      {
        "id": 0,
        "center": [
          342.573587725691,
          166.6995577487592
        ],
        "t": [
          0.0012239849900399222,
          -0.0018777704591790274,
          0.03081032832829776
        ],
        "R": [
          [
            -0.02659596028169431,
            -0.9996441015807358,
            0.002079680633528487
          ],
          [
            0.9991351569369368,
            -0.026648823111411757,
            -0.03191830821612431
          ],
          [
            0.031962369582015746,
            0.0012289839785842582,
            0.9994883173549769
          ]
        ],
        "corners": [
          [
            290.20932006835943,
            111.40406799316402
          ],
          [
            287.3541870117188,
            218.9956512451172
          ],
          [
            394.62188720703125,
            221.6613922119141
          ],
          [
            398.0926818847656,
            114.11963653564455
          ]
        ]
      }
    ]
  },
  {
    "frame": 5,
    "detections": [
      {
        "id": 0,
        "center": [
          342.556790565178,
          166.73282931812895
        ],
        "t": [
          0.0012230473094716472,
          -0.0018756267086497047,
          0.030803554870493022
        ],
        "R": [
          [
            -0.026812335019959554,
            -0.9996196335835126,
            0.006456535072365821
          ],
          [
            0.998889617679046,
            -0.02704192943537892,
            -0.03857804745475176
          ],
          [
            0.0387379708269103,
            0.005414998317194136,
            0.999234730886311
          ]
        ],
        "corners": [
          [
            290.18475341796875,
            111.38375854492186
          ],
          [
            287.36880493164057,
            218.97773742675778
          ],
          [
            394.5933532714844,
            221.72735595703128
          ],
          [
            398.17080688476574,
            114.08460998535159
          ]
        ]
      }
    ]
  }
]