[
  {
    "frame": 0,
    "detections": [
      {
        "id": 3,
        "center": [
          359.246065570989,
          236.38568601683272
        ],
        "t": [
          0.0010040439680977405,
          0.0008937082955644547,
          0.014539413131746145
        ],
        "R": [
          [
            0.17497592892875652,
            -0.9832056016060664,
            -0.051866841681094025
          ],
          [
            0.9781637610460225,
            0.17959649890482013,
            -0.10459806000796701
          ],
          [
            0.1121565016921357,
            -0.03243212221831772,
            0.9931611533767307
          ]
        ],
        "corners": [
          [
            224.87614440917972,
            144.37832641601565
          ],
          [
            267.40707397460943,
            365.9450988769531
          ],
          [
            486.7277526855469,
            323.67645263671875
          ],
          [
            453.65869140625,
            103.19558715820308
          ]
        ]
      }
    ]
  },
  {
    "frame": 1,
    "detections": [
      {
        "id": 3,
        "center": [
          359.22387958937213,
          236.60363979999636
        ],
        "t": [
          0.0010004561343294844,
          0.000895408263118194,
          0.01448640264843074
        ],
        "R": [
          [
            0.17510969516376468,
            -0.9832061478808929,
            -0.05140297101208745
          ],
          [
            0.9776273073963704,
            0.17982145835272567,
            -0.1091287814869279
          ],
          [
            0.11653944607975451,
            -0.03114344048295167,
            0.9926976597244042
          ]
        ],
        "corners": [
          [
            224.3249359130859,
            144.28959655761727
          ],
          [
            267.19244384765625,
            366.3929443359376
          ],
          [
            487.0445556640626,
            324.07388305664057
          ],
          [
            454.14050292968756,
            102.7454376220703
          ]
        ]
      }
    ]
  },
  {
    "frame": 2,
    "detections": [
      {
        "id": 3,
        "center": [
          359.1132528152601,
          236.59391864520333
        ],
        "t": [
          0.0009997516129524756,
          0.0008969848201596706,
          0.014517782263778818
        ],
        "R": [
          [
            0.17471586099489145,
            -0.9833150978344176,
            -0.05065359106424419
          ],
          [
            0.9780517365490209,
            0.17925253922926265,
            -0.1062230098109919
          ],
          [
            0.11353047410390826,
            -0.03098298808623176,
            0.9930513007387837
          ]
        ],
        "corners": [
          [
            224.60084533691403,
            144.39913940429685
          ],
          [
            267.1978454589843,
            366.1807556152343
          ],
          [
            486.7315063476563,
            324.06344604492193
          ],
          [
            453.80093383789074,
            103.0985946655273
          ]
        ]
      }
    ]
  },
  {
    "frame": 3,
    "detections": [
      {
        "id": 3,
        "center": [
          359.0798156964349,
          236.63021253410164
        ],
        "t": [
          0.000998658412767077,
          0.0008977154740443888,
          0.014517591418050008
        ],
        "R": [
          [
            0.17462602827990947,
            -0.9833724349763375,
            -0.04984379977381767
          ],
          [
            0.9780136002948668,
            0.17909008962640038,
            -0.10684632626291003
          ],
          [
            0.11399626259424744,
            -0.030089764477576483,
            0.9930254066176893
          ]
        ],
        "corners": [
          [
            224.5438690185546,
            144.3955841064453
          ],
          [
            267.1779174804688,
            366.1381225585937
          ],
          [
            486.70419311523443,
            324.1264343261719
          ],
          [
            453.80667114257807,
            103.14138031005865
          ]
        ]
      }
    ]
  },
  {
    "frame": 4,
    "detections": [
      {
        "id": 3,
        "center": [
          359.19325077715393,
          236.6238894474441
        ],
        "t": [
          0.0010015953673276786,
          0.0008981115795913135,
          0.014515855700865363
        ],
        "R": [
          [
            0.17476303600170423,
            -0.9831622747170501,
            -0.05338373179784041
          ],
          [
            0.977752941882112,
            0.1796784435606022,
            -0.10823512165889053
          ],
          [
            0.116004594255324,
            -0.03328060235086263,
            0.992690956752816
          ]
        ],
        "corners": [
          [
            224.58872985839835,
            144.47738647460943
          ],
          [
            267.25,
            366.25344848632824
          ],
          [
            486.68548583984375,
            323.9015197753905
          ],
          [
            453.8755493164062,
            103.13258361816399
          ]
        ]
      }
    ]
  },
  {
    "frame": 5,
    "detections": [
      {
        "id": 3,
        "center": [
          359.2539415113985,
          236.61041825510316
        ],
        "t": [
          0.0010031234161091958,
          0.0008979942936532134,
          0.014518325517699222
        ],
        "R": [
          [
            0.17470377722519564,
            -0.983277970553966,
            -0.05141033793434137
          ],
          [
            0.9778924215752698,
            0.17936693197574965,
            -0.10748914149467073
          ],
          [
            0.11491301949258724,
            -0.03149502082680357,
            0.992876156232093
          ]
        ],
        "corners": [
          [
            224.70277404785148,
            144.45901489257812
          ],
          [
            267.30187988281256,
            366.17340087890625
          ],
          [
            486.82946777343756,
            323.9843444824219
          ],
          [
            453.9555664062499,
            103.17322540283199
          ]
        ]
      }
    ]
  }
]