[
  {
    "frame": 0,
    "detections": [
      {
        "id": 2,
        "center": [
          59.13070596029075,
          87.79870894110474
        ],
        "t": [
          -0.013612509178865993,
          -0.005852363545014337,
          0.02982996399370426
        ],
        "R": [
          [
            0.18119128737686185,
            -0.9799139784875485,
            0.0832965314008987
          ],
          [
            0.9833966756870124,
            0.17966657075184161,
            -0.02551277331076664
          ],
          [
            0.01003472104488172,
            0.08653622431663446,
            0.9961981661570013
          ]
        ],
        "corners": [
          [
            -1.430407404899602,
            45.13594436645511
          ],
          [
            16.521043777465813,
            154.96736145019537
          ],
          [
            123.72525024414064,
            133.30285644531247
          ],
          [
            99.70239257812503,
            23.84266281127926
          ]
        ]
      },
      {
        "id": 5,
        "center": [
          427.4035362419133,
          306.6111028516568
        ],
        "t": [
          0.005679174741302355,
          0.005577288903474619,
          0.030285665440847303
        ],
        "R": [
          [
            0.9836543172855996,
            0.17987279712992277,
            0.00836426554205313
          ],
          [
            -0.1795213463061775,
            0.9832280900907907,
            -0.03216533968161941
          ],
          [
            -0.01400965045309209,
            0.030138011033811002,
            0.9994475623989025
          ]
        ],
        "corners": [
          [
            382.79260253906244,
            369.7193908691406
          ],
          [
            490.6053771972656,
            350.0000305175781
          ],
          [
            471.64428710937506,
            244.02648925781256
          ],
          [
            363.05133056640625,
            262.4324340820313
          ]
        ]
      }
    ]
  },
  {
    "frame": 1,
    "detections": [
      {
        "id": 2,
        "center": [
          58.7873533677428,
          87.35347222580997
        ],
        "t": [
          -0.013596239945943825,
          -0.0058530779313674085,
          0.029770628164003853
        ],
        "R": [
          [
            0.17697743757332907,
            -0.9797827692166199,
            0.09329904466922602
          ],
          [
            0.9841575554966819,
            0.17514683848901996,
            -0.027522553044671223
          ],
          [
            0.01062509053015849,
            0.09669183064516311,
            0.9952576537448546
          ]
        ],
        "corners": [
          [
            -1.0225352048873932,
            44.72458648681638
          ],
          [
            16.10943984985353,
            154.60026550292972
          ],
          [
            123.4709014892578,
            133.4560089111328
          ],
          [
            99.33081054687497,
            23.469902038574208
          ]
        ]
      },
      {
        "id": 5,
        "center": [
          427.19860444623737,
          306.8580308142855
        ],
        "t": [
          0.005671538415795723,
          0.005587629943201158,
          0.030315349362614655
        ],
        "R": [
          [
            0.9838531453701977,
            0.17848940260419915,
            0.013210658695306327
          ],
          [
            -0.1778733417185605,
            0.9833023562913714,
            -0.038438918009065806
          ],
          [
            -0.019851011335445767,
            0.03546842637940905,
            0.9991736225897521
          ]
        ],
        "corners": [
          [
            382.71597290039057,
            369.4869079589844
          ],
          [
            490.0640563964844,
            350.2816467285155
          ],
          [
            471.63912963867193,
            244.28843688964847
          ],
          [
            362.7800598144531,
            262.3616333007813
          ]
        ]
      }
    ]
  },
  {
    "frame": 2,
    "detections": [
      {
        "id": 2,
        "center": [
          58.86099666511898,
          87.50220897016054
        ],
        "t": [
          -0.013575987840749086,
          -0.005840843824034941,
          0.02972787864732805
        ],
        "R": [
          [
            0.18065686012338178,
            -0.9789515560908383,
            0.09495762064039745
          ],
          [
            0.9835425018588793,
            0.17954801623944378,
            -0.020165735832259734
          ],
          [
            0.0026918260599064076,
            0.09703793429275652,
            0.9952770435314269
          ]
        ],
        "corners": [
          [
            -1.066265702247616,
            45.10253143310546
          ],
          [
            16.171508789062518,
            155.0000305175781
          ],
          [
            123.47041320800781,
            133.214599609375
          ],
          [
            99.41229248046874,
            23.385156631469737
          ]
        ]
      },
      {
        "id": 5,
        "center": [
          427.1935567235717,
          307.00515164792165
        ],
        "t": [
          0.005684686795300214,
          0.005607024723601696,
          0.030379789055852445
        ],
        "R": [
          [
            0.983651855334823,
            0.17925189600998204,
            0.017256455985720946
          ],
          [
            -0.17854873627546242,
            0.9832685887517535,
            -0.036100292915295054
          ],
          [
            -0.023438777075518946,
            0.032429001695416924,
            0.9991991711256784
          ]
        ],
        "corners": [
          [
            382.88137817382807,
            369.5056762695312
          ],
          [
            490.0824279785156,
            350.4171142578126
          ],
          [
            471.51135253906244,
            244.49670410156253
          ],
          [
            362.88964843749994,
            262.61639404296864
          ]
        ]
      }
    ]
  },
  {
    "frame": 3,
    "detections": [
      {
        "id": 2,
        "center": [
          59.29775670395823,
          87.77744173606459
        ],
        "t": [
          -0.013581632782819899,
          -0.005839352984437824,
          0.029765786631346894
        ],
        "R": [
          [
            0.17940364362668942,
            -0.9794483700762329,
            0.09216953405806382
          ],
          [
            0.9837419094354037,
            0.17783362773762512,
            -0.02504109554436539
          ],
          [
            0.008135617607419807,
            0.09516349720711431,
            0.9954284105476683
          ]
        ],
        "corners": [
          [
            -1.0898977518081687,
            44.936485290527344
          ],
          [
            16.630990982055675,
            155.22509765625
          ],
          [
            123.50640106201173,
            133.32913208007812
          ],
          [
            99.77366638183592,
            23.79309272766114
          ]
        ]
      },
      {
        "id": 5,
        "center": [
          427.19343078764024,
          306.98850621137376
        ],
        "t": [
          0.005668875638861907,
          0.005585811465964087,
          0.030284687989535063
        ],
        "R": [
          [
            0.983049231166146,
            0.18311535388748829,
            0.009109131369675746
          ],
          [
            -0.18250867264674575,
            0.9821047190875845,
            -0.04648553704776689
          ],
          [
            -0.01745833647209908,
            0.04403507597990826,
            0.9988774292029382
          ]
        ],
        "corners": [
          [
            383.0484924316407,
            369.69903564453125
          ],
          [
            490.1099243164062,
            350.02917480468744
          ],
          [
            471.5470581054687,
            243.98152160644526
          ],
          [
            362.6412658691407,
            262.8288879394531
          ]
        ]
      }
    ]
  },
  {
    "frame": 4,
    "detections": [
      {
        "id": 2,
        "center": [
          59.04454553886575,
          87.77581969643057
        ],
        "t": [
          -0.013592078971942504,
          -0.0058452203100283085,
          0.029782441872257773
        ],
        "R": [
          [
            0.17979479155642886,
            -0.9788711485266348,
            0.09739151662915461
          ],
          [
            0.9836812633550733,
            0.17823210477007184,
            -0.024586357058267987
          ],
          [
            0.006708580576149037,
            0.10022270906025671,
            0.9949424121703108
          ]
        ],
        "corners": [
          [
            -0.9000481963157853,
            45.27779006958007
          ],
          [
            16.69224166870117,
            154.93675231933594
          ],
          [
            123.34436798095705,
            133.36151123046875
          ],
          [
            99.56787109375,
            23.515222549438466
          ]
        ]
      },
      {
        "id": 5,
        "center": [
          426.9473578654133,
          306.90443950027037
        ],
        "t": [
          0.005683502502357612,
          0.005603154869538433,
          0.03040022625802254
        ],
        "R": [
          [
            0.9836601686227588,
            0.17841173253102927,
            0.024123149883923365
          ],
          [
            -0.17745501517380552,
            0.9834233139818703,
            -0.03725993970178097
          ],
          [
            -0.030370878398725706,
            0.032370344641236094,
            0.9990143995624374
          ]
        ],
        "corners": [
          [
            382.7317810058593,
            369.11383056640625
          ],
          [
            489.92071533203125,
            350.5818176269532
          ],
          [
            471.5073547363282,
            244.21046447753912
          ],
          [
            362.9721984863282,
            262.5322265625
          ]
        ]
      }
    ]
  },
  {
    "frame": 5,
    "detections": [
      {
        "id": 2,
        "center": [
          59.3052990347684,
          87.9400985013611
        ],
        "t": [
          -0.013566318105442269,
          -0.005821404950576144,
          0.02973043010839574
        ],
        "R": [
          [
            0.1792332998596256,
            -0.9794810790326718,
            0.0921533506630232
          ],
          [
            0.9838005205051058,
            0.178114884194422,
            -0.02028851601991693
          ],
          [
            0.0034583341816875404,
            0.09429689202407639,
            0.9955381138255267
          ]
        ],
        "corners": [
          [
            -1.008454680442827,
            45.11694717407226
          ],
          [
            16.36782455444335,
            155.54547119140625
          ],
          [
            123.51621246337892,
            133.53025817871094
          ],
          [
            99.88909912109376,
            24.04060363769531
          ]
        ]
      },
      {
        "id": 5,
        "center": [
          427.10375254477276,
          307.05666588236187
        ],
        "t": [
          0.005672251191552026,
          0.005593150039854771,
          0.030315863788760267
        ],
        "R": [
          [
            0.982519482095698,
            0.18434901112069713,
            0.025901918871431447
          ],
          [
            -0.182760118296166,
            0.9816635867592287,
            -0.054178792819500804
          ],
          [
            -0.03541477746326404,
            0.048497881704545553,
            0.9981952459350822
          ]
        ],
        "corners": [
          [
            383.0619201660156,
            369.28305053710943
          ],
          [
            490.1976928710938,
            350.2546081542968
          ],
          [
            471.6719970703125,
            244.0865173339844
          ],
          [
            362.5841064453124,
            262.8825988769532
          ]
        ]
      }
    ]
  }
]