[
  {
    "frame": 0,
    "detections": [
      {
        "id": 1,
        "center": [
          457.51517758462825,
          186.2137234005407
        ],
        "t": [
          0.009022151062005778,
          -0.0010043141086923616,
          0.037450611709055524
        ],
        "R": [
          [
            0.9727043949459573,
            -0.22382778749693022,
            0.061215043878514515
          ],
          [
            0.22575113388897033,
            0.9738255277113634,
            -0.026462560827113277
          ],
          [
            -0.05368971596743297,
            0.03955961478469554,
            0.9977737475387007
          ]
        ],
        "corners": [
          [
            403.8889160156249,
            219.1485137939453
          ],
          [
            490.84912109375006,
            239.2131958007813
          ],
          [
            511.82553100585943,
            152.85879516601562
          ],
          [
            424.1869812011719,
            133.22338867187497
          ]
        ]
      }
    ]
  },
  {
    "frame": 1,
    "detections": [
      {
        "id": 1,
        "center": [
          456.76816563447,
          186.2962146813214
        ],
        "t": [
          0.009016515147331382,
          -0.001003662738268662,
          0.03763077852686735
        ],
        "R": [
          [
            0.9724129449073612,
            -0.22356591518025726,
            0.06656835694388075
          ],
          [
            0.22613078532979372,
            0.9735110971207648,
            -0.03377886482483246
          ],
          [
            -0.057253231373650196,
            0.047900160253776775,
            0.997209928823885
          ]
        ],
        "corners": [
          [
            403.3555297851563,
            219.0237579345703
          ],
          [
            489.88183593749994,
            239.03643798828116
          ],
          [
            510.9635620117187,
            153.08905029296872
          ],
          [
            423.63952636718756,
            133.53215026855474
          ]
        ]
      }
    ]
  },
  {
    "frame": 2,
    "detections": [
      {
        "id": 1,
        "center": [
          455.89531853567826,
          186.2369245201348
        ],
        "t": [
          0.00901819754231559,
          -0.0010114832474944098,
          0.037879995187329964
        ],
        "R": [
          [
            0.971632133381561,
            -0.2262822820847316,
            0.06875555392056294
          ],
          [
            0.2275182656175716,
            0.9737160288794139,
            -0.010608200303354593
          ],
          [
            -0.06454793715347995,
            0.025950412671669247,
            0.9975771348078305
          ]
        ],
        "corners": [
          [
            402.7561950683593,
            218.8209686279297
          ],
          [
            488.97344970703125,
            238.79096984863278
          ],
          [
            509.6046752929688,
            153.30322265625
          ],
          [
            423.0216369628906,
            134.0077056884766
          ]
        ]
      }
    ]
  },
  {
    "frame": 3,
    "detections": [
      {
        "id": 1,
        "center": [
          455.6742255134295,
          186.38780474101551
        ],
        "t": [
          0.009022814313697254,
          -0.0010079524377971205,
          0.03795767171318671
        ],
        "R": [
          [
            0.971843427475761,
            -0.22394104866509362,
            0.07328546373560918
          ],
          [
            0.22644271067987812,
            0.9736300999991866,
            -0.027715106990992205
          ],
          [
            -0.06514638326195989,
            0.04352970363270653,
            0.9969258315689962
          ]
        ],
        "corners": [
          [
            402.78973388671875,
            218.7627410888672
          ],
          [
            488.6390380859375,
            238.74002075195315
          ],
          [
            509.4287414550781,
            153.4802551269531
          ],
          [
            422.7214965820313,
            134.05477905273432
          ]
        ]
      }
    ]
  },
  {
    "frame": 4,
    "detections": [
      {
        "id": 1,
        "center": [
          456.1493286252547,
          186.29688811489484
        ],
        "t": [
          0.009017838143940688,
          -0.0010057536592126895,
          0.03780996464373804
        ],
        "R": [
          [
            0.9721055321237905,
            -0.22544459508124903,
            0.06469597331344748
          ],
          [
            0.22705079268610606,
            0.9737061061953823,
            -0.01855683966730917
          ],
          [
            -0.05881132505677311,
            0.03272847852374285,
            0.9977324665152415
          ]
        ],
        "corners": [
          [
            402.9035949707031,
            218.9503021240234
          ],
          [
            489.19342041015625,
            238.87551879882812
          ],
          [
            509.9578247070312,
            153.29835510253906
          ],
          [
            423.2355346679688,
            133.92558288574222
          ]
        ]
      }
    ]
  },
  {
    "frame": 5,
    "detections": [
      {
        "id": 1,
        "center": [
          456.1536324207056,
          186.32054533655102
        ],
        "t": [
          0.009018096784115763,
          -0.001004912087023911,
          0.03780984820379188
        ],
        "R": [
          [
            0.9723434631002643,
            -0.22374655527922163,
            0.06697513543746351
          ],
          [
            0.22597383952197325,
            0.9737403385025203,
            -0.027669062591552378
          ],
          [
            -0.05902553360946283,
            0.04203846064831583,
            0.9973709210762254
          ]
        ],
        "corners": [
          [
            402.92950439453125,
            218.97994995117185
          ],
          [
            489.1788635253906,
            238.8204193115235
          ],
          [
            510.0390319824218,
            153.25537109374997
          ],
          [
            423.1930236816407,
            133.9234008789062
          ]
        ]
      }
    ]
  }
]