[
  {
    "frame": 0,
    "detections": [
      {
        "id": 2,
        "center": [
          180.1471505779047,
          162.02339806552445
        ],
        "t": [
          -0.010672401262114403,
          -0.0030157245230430364,
          0.04363363211880033
        ],
        "R": [
          [
            0.13571761800548987,
            -0.9906665984854959,
            0.012665654664983927
          ],
          [
            0.9883225525255095,
            0.13448046509387085,
            -0.0716487032513328
          ],
          [
            0.06927669400582916,
            0.02224174348635661,
            0.9973495097077603
          ]
        ],
        "corners": [
          [
            136.82339477539062,
            129.39273071289065
          ],
          [
            148.72885131835938,
            204.6302947998047
          ],
          [
            223.2522735595703,
            194.48939514160153
          ],
          [
            211.9270477294922,
            118.92613220214845
          ]
        ]
      },
      {
        "id": 4,
        "center": [
          403.9782364898596,
          125.58333218384432
        ],
        "t": [
          0.006324298615027027,
          -0.005709448428849174,
          0.04298456182460296
        ],
        "R": [
          [
            -0.1388353875344684,
            0.9887098714423668,
            0.05636954213555748
          ],
          [
            -0.9901029099143852,
            -0.13740125538887332,
            -0.028585359830320296
          ],
          [
            -0.020517381587848188,
            -0.059780307208811716,
            0.9980006773158016
          ]
        ],
        "corners": [
          [
            447.590576171875,
            158.11924743652344
          ],
          [
            437.44332885742176,
            81.48158264160155
          ],
          [
            360.5423278808593,
            93.17903900146483
          ],
          [
            370.647705078125,
            169.50775146484375
          ]
        ]
      },
      {
        "id": 5,
        "center": [
          425.05647893390426,
          328.28570481579567
        ],
        "t": [
          0.008052340052359597,
          0.009729359492785382,
          0.04380651383338465
        ],
        "R": [
          [
            0.9911734702626611,
            0.11630197187528996,
            0.06363177810962291
          ],
          [
            -0.11793084829915929,
            0.9927678132875601,
            0.022458493263732778
          ],
          [
            -0.060559614157569525,
            -0.029764412276336326,
            0.9977207088634227
          ]
        ],
        "corners": [
          [
            391.5093994140625,
            369.98504638671875
          ],
          [
            467.9399108886719,
            362.14636230468756
          ],
          [
            458.2479553222655,
            287.0283813476562
          ],
          [
            382.4060668945312,
            294.60903930664057
          ]
        ]
      }
    ]
  },
  {
    "frame": 1,
    "detections": [
      {
        "id": 2,
        "center": [
          179.8665353612983,
          161.79554724822358
        ],
        "t": [
          -0.01069004637939193,
          -0.0030293321075558263,
          0.04362313703473404
        ],
        "R": [
          [
            0.14150739220112707,
            -0.9896865080642527,
            0.02227720153030458
          ],
          [
            0.9893813702974117,
            0.14063811965804845,
            -0.03668001373315494
          ],
          [
            0.0331686909728495,
            0.027231141265724623,
            0.9990787270703515
          ]
        ],
        "corners": [
          [
            136.88485717773438,
            129.56695556640625
          ],
          [
            148.34304809570318,
            204.7054901123047
          ],
          [
            222.98309326171875,
            194.1252746582031
          ],
          [
            211.56748962402338,
            118.64403533935544
          ]
        ]
      },
      {
        "id": 4,
        "center": [
          403.845856895958,
          125.7983974080254
        ],
        "t": [
          0.0063252482742313584,
          -0.005702662993347743,
          0.0430422110655176
        ],
        "R": [
          [
            -0.13670853025369134,
            0.9890656035320688,
            0.05531735410897823
          ],
          [
            -0.9890350234389346,
            -0.13312906159363824,
            -0.06392476335773799
          ],
          [
            -0.055861437208694575,
            -0.0634498610632046,
            0.9964204007165044
          ]
        ],
        "corners": [
          [
            447.12472534179693,
            158.54887390136722
          ],
          [
            437.6907958984375,
            81.63069152832031
          ],
          [
            360.5966186523437,
            93.07034301757812
          ],
          [
            370.4058837890625,
            169.43762207031253
          ]
        ]
      },
      {
        "id": 5,
        "center": [
          425.08736288731285,
          328.5514915917138
        ],
        "t": [
          0.008014458111284435,
          0.009692599538414294,
          0.043598781025664626
        ],
        "R": [
          [
            0.9913830999189966,
            0.12357489143043232,
            0.04346027384816713
          ],
          [
            -0.12372212443802044,
            0.992316653171466,
            0.0007041044831321676
          ],
          [
            -0.043039343855869855,
            -0.006075034694307806,
            0.9990549078173427
          ]
        ],
        "corners": [
          [
            391.8926086425781,
            370.53253173828125
          ],
          [
            467.7794494628906,
            361.90750122070307
          ],
          [
            458.196563720703,
            286.67864990234375
          ],
          [
            382.0434875488281,
            294.92062377929693
          ]
        ]
      }
    ]
  },
  {
    "frame": 2,
    "detections": [
      {
        "id": 2,
        "center": [
          179.81211017732565,
          161.99041011282117
        ],
        "t": [
          -0.01073221914601235,
          -0.0030219962624052077,
          0.04379220860413599
        ],
        "R": [
          [
            0.1320203135884962,
            -0.9912404187569879,
            -0.0036151102978979055
          ],
          [
            0.9876146148737727,
            0.1318475877241313,
            -0.08505049146864133
          ],
          [
            0.08478212835099819,
            0.007658056789961107,
            0.9963700842952264
          ]
        ],
        "corners": [
          [
            136.4529571533203,
            129.3436584472656
          ],
          [
            148.3538818359375,
            204.2700042724609
          ],
          [
            223.1148834228516,
            194.59471130371097
          ],
          [
            211.5407867431641,
            119.34733581542969
          ]
        ]
      },
      {
        "id": 4,
        "center": [
          403.75734882576984,
          125.87086481150604
        ],
        "t": [
          0.006320010470392697,
          -0.005699052383337622,
          0.043046381756840654
        ],
        "R": [
          [
            -0.14424319348072445,
            0.9871121464245259,
            0.06930736985088044
          ],
          [
            -0.9862123962226335,
            -0.1376637191650723,
            -0.09183577713751434
          ],
          [
            -0.08111110078955479,
            -0.08159847306662434,
            0.993359289744603
          ]
        ],
        "corners": [
          [
            447.23425292968744,
            158.3459167480469
          ],
          [
            437.6098937988282,
            81.30545043945315
          ],
          [
            360.2633056640625,
            93.3830108642578
          ],
          [
            370.55401611328125,
            169.5816192626953
          ]
        ]
      },
      {
        "id": 5,
        "center": [
          425.01032994895405,
          328.57965691641556
        ],
        "t": [
          0.008019414363907566,
          0.00970600058681743,
          0.04365774231844731
        ],
        "R": [
          [
            0.9906029125961506,
            0.12241991487639392,
            0.06098552285321152
          ],
          [
            -0.12250454833782176,
            0.9924651378325166,
            -0.0023634347100715543
          ],
          [
            -0.06081533682032357,
            -0.005129778624750864,
            0.9981358525665189
          ]
        ],
        "corners": [
          [
            391.8135681152343,
            370.2298583984375
          ],
          [
            467.7100830078125,
            362.137725830078
          ],
          [
            458.24896240234375,
            286.8769226074219
          ],
          [
            382.0095825195312,
            294.7850341796876
          ]
        ]
      }
    ]
  },
  {
    "frame": 3,
    "detections": [
      {
        "id": 2,
        "center": [
          179.83953308932342,
          161.83888230686813
        ],
        "t": [
          -0.010681963769153667,
          -0.0030295122523909556,
          0.0436237648198571
        ],
        "R": [
          [
            0.13866544935339314,
            -0.9902203134059324,
            0.015350051266332737
          ],
          [
            0.9892994578637984,
            0.1377931227645363,
            -0.04795454086103189
          ],
          [
            0.04537042898206487,
            0.021835435352995102,
            0.9987315645041608
          ]
        ],
        "corners": [
          [
            136.79418945312497,
            129.6137542724609
          ],
          [
            148.3113861083984,
            204.3780975341797
          ],
          [
            223.18072509765628,
            194.28549194335938
          ],
          [
            211.85292053222662,
            118.64495849609374
          ]
        ]
      },
      {
        "id": 4,
        "center": [
          403.94150669647826,
          125.54676684536653
        ],
        "t": [
          0.006315943172412082,
          -0.005706220354238098,
          0.04294599284073981
        ],
        "R": [
          [
            -0.13394049504915284,
            0.9887174569014375,
            0.06706514895489273
          ],
          [
            -0.9908973430128509,
            -0.13269871905732433,
            -0.02266066130141247
          ],
          [
            -0.013505532053934437,
            -0.06948985810101667,
            0.9974912331569841
          ]
        ],
        "corners": [
          [
            447.5131530761719,
            158.30114746093753
          ],
          [
            437.62176513671875,
            81.50025177001956
          ],
          [
            360.66912841796875,
            93.01735687255858
          ],
          [
            370.3891296386719,
            169.42604064941403
          ]
        ]
      },
      {
        "id": 5,
        "center": [
          424.8725950611456,
          328.5607819525433
        ],
        "t": [
          0.00799964922356106,
          0.00968694647544703,
          0.043566487671187905
        ],
        "R": [
          [
            0.9906628628115467,
            0.121448473861349,
            0.061946432042367425
          ],
          [
            -0.12135869629267615,
            0.9925949725535199,
            -0.005223724305408788
          ],
          [
            -0.06212213035764652,
            -0.0023427885577100398,
            0.9980658055767673
          ]
        ],
        "corners": [
          [
            391.54263305664074,
            370.2295227050781
          ],
          [
            467.70086669921875,
            362.29827880859375
          ],
          [
            458.34707641601557,
            286.71136474609375
          ],
          [
            382.04605102539074,
            294.8246459960938
          ]
        ]
      }
    ]
  },
  {
    "frame": 4,
    "detections": [
      {
        "id": 2,
        "center": [
          180.1207439607232,
          162.02449354498478
        ],
        "t": [
          -0.0106905655721576,
          -0.003020837355280872,
          0.043691877294318913
        ],
        "R": [
          [
            0.13711029839228903,
            -0.9905449184457883,
            0.004640109481897511
          ],
          [
            0.988936523081909,
            0.13661692654337876,
            -0.057795922836355006
          ],
          [
            0.05661554017619472,
            0.01251318996369748,
            0.9983176351680311
          ]
        ],
        "corners": [
          [
            136.8248748779297,
            129.47155761718747
          ],
          [
            148.54843139648438,
            204.7165069580078
          ],
          [
            223.12268066406247,
            194.35643005371094
          ],
          [
            211.95495605468756,
            118.97834014892578
          ]
        ]
      },
      {
        "id": 4,
        "center": [
          403.7761034211239,
          125.5578562813662
        ],
        "t": [
          0.006318683597020831,
          -0.005717841145673818,
          0.043039118758782816
        ],
        "R": [
          [
            -0.13395832629414262,
            0.9867024166365645,
            0.09205165843174655
          ],
          [
            -0.9909642145005153,
            -0.1327466630366933,
            -0.019189815840675695
          ],
          [
            -0.006715087180997482,
            -0.09379053500319523,
            0.9955693060495416
          ]
        ],
        "corners": [
          [
            447.4241027832031,
            158.24481201171875
          ],
          [
            437.3829345703124,
            81.39879608154295
          ],
          [
            360.654571533203,
            93.2651596069336
          ],
          [
            370.40560913085943,
            169.4063720703125
          ]
        ]
      },
      {
        "id": 5,
        "center": [
          424.95745010505823,
          328.42545235738635
        ],
        "t": [
          0.008010721208780117,
          0.009682599455993722,
          0.04358954662571459
        ],
        "R": [
          [
            0.9905717482957892,
            0.1236559839698822,
            0.05896447325859923
          ],
          [
            -0.12390428368850248,
            0.992294016638773,
            0.000559487737953385
          ],
          [
            -0.05844091000200926,
            -0.007860163568911133,
            0.9982599250029057
          ]
        ],
        "corners": [
          [
            391.7586975097656,
            370.26419067382807
          ],
          [
            467.8835144042969,
            362.05883789062506
          ],
          [
            458.24554443359375,
            286.47412109375006
          ],
          [
            382.0763549804687,
            294.8273010253905
          ]
        ]
      }
    ]
  },
  {
    "frame": 5,
    "detections": [
      {
        "id": 2,
        "center": [
          180.14855579494946,
          161.97231640769203
        ],
        "t": [
          -0.010741208947309995,
          -0.003035602017996585,
          0.04389058602537914
        ],
        "R": [
          [
            0.13245134478893592,
            -0.9909615351310779,
            -0.021257402340345427
          ],
          [
            0.988529124387763,
            0.13363571604305008,
            -0.07036807255299764
          ],
          [
            0.07257280138430092,
            -0.011693215482410091,
            0.9972945689268125
          ]
        ],
        "corners": [
          [
            136.72361755371097,
            129.15367126464844
          ],
          [
            148.45831298828128,
            204.48226928710935
          ],
          [
            222.98674011230472,
            194.34751892089844
          ],
          [
            211.9132537841797,
            119.36248779296875
          ]
        ]
      },
      {
        "id": 4,
        "center": [
          403.7784851624727,
          125.72347291622462
        ],
        "t": [
          0.006327341949673086,
          -0.0057134238286581495,
          0.0430761143414779
        ],
        "R": [
          [
            -0.13817717082827385,
            0.9875309907836645,
            0.07542951480507255
          ],
          [
            -0.9894096585441026,
            -0.13421910997551045,
            -0.0552608188233254
          ],
          [
            -0.04444768882109368,
            -0.08226647409009502,
            0.9956187172804892
          ]
        ],
        "corners": [
          [
            447.2814331054687,
            158.47154235839847
          ],
          [
            437.45043945312494,
            81.40973663330081
          ],
          [
            360.5373229980469,
            93.17247009277342
          ],
          [
            370.59924316406256,
            169.3887786865234
          ]
        ]
      },
      {
        "id": 5,
        "center": [
          425.03210777859454,
          328.345858433911
        ],
        "t": [
          0.008033627278301566,
          0.009715856791847187,
          0.043716460600481774
        ],
        "R": [
          [
            0.9906229948107477,
            0.12159126373269036,
            0.062302862984555986
          ],
          [
            -0.12347310885235069,
            0.9919726725907314,
            0.02728751039465626
          ],
          [
            -0.05848481463183893,
            -0.03472436345118897,
            0.9976841910346126
          ]
        ],
        "corners": [
          [
            391.60498046874994,
            370.4001770019531
          ],
          [
            468.25189208984375,
            362.03948974609375
          ],
          [
            458.02331542968756,
            286.8399658203125
          ],
          [
            382.10058593750006,
            294.87695312500006
          ]
        ]
      }
    ]
  }
]