[
  {
    "frame": 0,
    "detections": [
      {
        "id": 1,
        "center": [
          320.6021162091833,
          290.5967697701708
        ],
        "t": [
          6.75759396616397e-05,
          0.008425357414875349,
          0.05402314003859678
        ],
        "R": [
          [
            0.998909780687303,
            -0.03935986142735909,
            0.02510082380446342
          ],
          [
            0.039277519228733127,
            0.999221246339852,
            0.0037652816987491194
          ],
          [
            -0.025229477411950682,
            -0.0027752786262865443,
            0.9996778337534881
          ]
        ],
        "corners": [
          [
            288.80810546874994,
            319.8595886230469
          ],
          [
            350.1142578125,
            322.6434936523438
          ],
          [
            352.4125366210938,
            261.31884765625
          ],
          [
            291.1537170410157,
            258.61926269531244
          ]
        ]
      },
      {
        "id": 2,
        "center": [
          328.92549011003854,
          117.85839313250084
        ],
        "t": [
          0.0008579667659738986,
          -0.007932273171034404,
          0.054176394814178956
        ],
        "R": [
          [
            -0.058178018691402905,
            -0.9983049913809379,
            0.001569179737513044
          ],
          [
            0.9979768391066844,
            -0.05819912595527427,
            -0.025594732752519382
          ],
          [
            0.025642674349091246,
            7.695419395598903e-05,
            0.9996711696004235
          ]
        ],
        "corners": [
          [
            300.27862548828136,
            85.39575958251953
          ],
          [
            296.64050292968756,
            146.8156280517578
          ],
          [
            357.52493286132807,
            150.2672882080078
          ],
          [
            361.2156372070312,
            88.89653015136719
          ]
        ]
      },
      {
        "id": 4,
        "center": [
          513.3027781630138,
          124.49319098990732
        ],
        "t": [
          0.017986742323109792,
          -0.007166653690977926,
          0.053127635720120976
        ],
        "R": [
          [
            0.06240285446318125,
            0.9943644951830691,
            0.08570375997684246
          ],
          [
            -0.9980344170590755,
            0.0626669656200293,
            -0.00039215498177941257
          ],
          [
            -0.005760739570466638,
            -0.08551083053800386,
            0.9963205868295114
          ]
        ],
        "corners": [
          [
            543.29736328125,
            157.2602081298828
          ],
          [
            547.3911132812499,
            94.85722351074219
          ],
          [
            483.4253540039062,
            91.85416412353514
          ],
          [
            479.4943237304689,
            153.88583374023438
          ]
        ]
      },
      {
        "id": 5,
        "center": [
          497.30932956579153,
          288.9195890849868
        ],
        "t": [
          0.016607577367646658,
          0.008180770959290248,
          0.053460844188071906
        ],
        "R": [
          [
            0.9961143690190518,
            -0.07760130331479892,
            0.04164374572035162
          ],
          [
            0.07721474399252687,
            0.9969558315735922,
            0.010814490352062792
          ],
          [
            -0.04235619369047778,
            -0.007556958068620813,
            0.9990739938767318
          ]
        ],
        "corners": [
          [
            463.7574768066407,
            317.2075805664063
          ],
          [
            526.3349609375,
            322.5365295410156
          ],
          [
            530.9762573242186,
            260.5345764160157
          ],
          [
            468.4590759277344,
            255.50576782226565
          ]
        ]
      }
    ]
  },
  {
    "frame": 1,
    "detections": [
      {
        "id": 1,
        "center": [
          320.58522967106944,
          290.5131765831502
        ],
        "t": [
          6.626639389754183e-05,
          0.008430139631544997,
          0.054096468733241455
        ],
        "R": [
          [
            0.9990377685650735,
            -0.03952849078611209,
            0.019000931469017487
          ],
          [
            0.03920899370982328,
            0.9990880518523972,
            0.01690323809346026
          ],
          [
            -0.019651763095994396,
            -0.016141965863965206,
            0.9996765702692374
          ]
        ],
        "corners": [
          [
            288.7513122558593,
            319.8222351074219
          ],
          [
            350.1258544921875,
            322.5455627441407
          ],
          [
            352.3490600585938,
            261.2686462402343
          ],
          [
            291.1632995605469,
            258.6094970703124
          ]
        ]
      },
      {
        "id": 2,
        "center": [
          328.92672486945816,
          117.91517782593031
        ],
        "t": [
          0.0008590453837837295,
          -0.007931155347422423,
          0.05419988669717769
        ],
        "R": [
          [
            -0.05752728721185485,
            -0.9982238011031158,
            -0.015487224970637266
          ],
          [
            0.9977160731598383,
            -0.05693410250242012,
            -0.03634756292732608
          ],
          [
            0.035401251172193844,
            -0.017542829973818487,
            0.9992191954380945
          ]
        ],
        "corners": [
          [
            300.2141418457031,
            85.35125732421874
          ],
          [
            296.672119140625,
            146.82502746582034
          ],
          [
            357.5018310546875,
            150.32318115234375
          ],
          [
            361.1903991699219,
            88.997200012207
          ]
        ]
      },
      {
        "id": 4,
        "center": [
          513.2877616120579,
          124.37720138437844
        ],
        "t": [
          0.01797337266287135,
          -0.007166114347061398,
          0.053089007337310624
        ],
        "R": [
          [
            0.06356794568384289,
            0.9946315094742418,
            0.08165339333136887
          ],
          [
            -0.9979760137508118,
            0.06321290256787393,
            0.006928558795604095
          ],
          [
            0.0017298148963606277,
            -0.08192856223525288,
            0.9966367033330092
          ]
        ],
        "corners": [
          [
            543.3426513671875,
            157.2604675292969
          ],
          [
            547.252014160156,
            94.79244232177733
          ],
          [
            483.5171813964844,
            91.80500030517578
          ],
          [
            479.4546813964845,
            153.8477020263672
          ]
        ]
      },
      {
        "id": 5,
        "center": [
          497.32784552901427,
          288.971972247157
        ],
        "t": [
          0.016591555154737803,
          0.008173234113817564,
          0.05342062477624214
        ],
        "R": [
          [
            0.9963172042816896,
            -0.07775578120009874,
            0.03613954817483175
          ],
          [
            0.07755148807512613,
            0.9969636132831791,
            0.007022854596421525
          ],
          [
            -0.036575882076201216,
            -0.004194315118262598,
            0.9993220764953793
          ]
        ],
        "corners": [
          [
            463.7869873046876,
            317.2409973144531
          ],
          [
            526.2036743164062,
            322.458465576172
          ],
          [
            530.9788208007811,
            260.6101379394531
          ],
          [
            468.3700256347657,
            255.39039611816392
          ]
        ]
      }
    ]
  },
  {
    "frame": 2,
    "detections": [
      {
        "id": 1,
        "center": [
          320.603742425186,
          290.47447128640283
        ],
        "t": [
          6.825837313899664e-05,
          0.008434877980355634,
          0.05414832071894705
        ],
        "R": [
          [
            0.9991057016173116,
            -0.04105442884726984,
            0.010115872073345756
          ],
          [
            0.0406678701339675,
            0.9985296854312309,
            0.035841200473382274
          ],
          [
            -0.01157243857389572,
            -0.035397756773994656,
            0.9993062981292685
          ]
        ],
        "corners": [
          [
            288.6815490722657,
            319.8373413085937
          ],
          [
            350.12481689453125,
            322.55822753906256
          ],
          [
            352.3600463867186,
            261.2641906738281
          ],
          [
            291.2464599609375,
            258.5687255859374
          ]
        ]
      },
      {
        "id": 2,
        "center": [
          328.9441023304275,
          117.9146388294702
        ],
        "t": [
          0.0008617187298955199,
          -0.007942326899184352,
          0.05426679887084098
        ],
        "R": [
          [
            -0.05816040804783179,
            -0.9981665885062926,
            -0.01675793917577701
          ],
          [
            0.996829681918476,
            -0.05715318229196259,
            -0.05535430426093302
          ],
          [
            0.05429504749072406,
            -0.01992424010121865,
            0.9983261353257106
          ]
        ],
        "corners": [
          [
            300.21191406249994,
            85.30255126953128
          ],
          [
            296.70581054687506,
            146.75193786621094
          ],
          [
            357.4459838867188,
            150.26531982421875
          ],
          [
            361.2749023437499,
            88.99459075927732
          ]
        ]
      },
      {
        "id": 4,
        "center": [
          513.2772622587951,
          124.3742625574399
        ],
        "t": [
          0.01800064260946949,
          -0.007177545924038571,
          0.05317324481262713
        ],
        "R": [
          [
            0.06554268547559872,
            0.9934472377240482,
            0.09363088293455622
          ],
          [
            -0.9978496216753876,
            0.06520295722228403,
            0.006686321242269642
          ],
          [
            0.0005374969140018587,
            -0.09386778056355033,
            0.9955845272346997
          ]
        ],
        "corners": [
          [
            543.31201171875,
            157.23184204101565
          ],
          [
            547.375732421875,
            94.82599639892581
          ],
          [
            483.5608825683594,
            91.86497497558594
          ],
          [
            479.3477783203125,
            153.77609252929685
          ]
        ]
      },
      {
        "id": 5,
        "center": [
          497.31590081271037,
          288.8829456896913
        ],
        "t": [
          0.016622647388632616,
          0.008183944544821445,
          0.053523694121867485
        ],
        "R": [
          [
            0.9959655420808862,
            -0.07882980476300733,
            0.04287774327727619
          ],
          [
            0.07813600297328321,
            0.9967868882396818,
            0.01762567652063579
          ],
          [
            -0.04412940093503374,
            -0.014204270994216455,
            0.9989248393441009
          ]
        ],
        "corners": [
          [
            463.7829895019531,
            317.1194763183594
          ],
          [
            526.3225708007812,
            322.4545593261719
          ],
          [
            530.8848266601562,
            260.6160888671875
          ],
          [
            468.35589599609375,
            255.36534118652347
          ]
        ]
      }
    ]
  },
  {
    "frame": 3,
    "detections": [
      {
        "id": 1,
        "center": [
          320.5647154774381,
          290.4861999296732
        ],
        "t": [
          6.534433150746051e-05,
          0.00841840044115569,
          0.05404103510387622
        ],
        "R": [
          [
            0.9986802438795559,
            -0.03913213058922821,
            0.03326329569088754
          ],
          [
            0.03887909987337357,
            0.9992101098366365,
            0.008220218567245752
          ],
          [
            -0.033558696007265715,
            -0.006916122888196664,
            0.9994128181920059
          ]
        ],
        "corners": [
          [
            288.7684631347656,
            319.7245178222656
          ],
          [
            350.1006774902344,
            322.57135009765625
          ],
          [
            352.40618896484375,
            261.20629882812494
          ],
          [
            291.1718139648438,
            258.55645751953125
          ]
        ]
      },
      {
        "id": 2,
        "center": [
          328.91514189747807,
          117.80831740926803
        ],
        "t": [
          0.0008573776874050492,
          -0.007938257276522892,
          0.05418234369535207
        ],
        "R": [
          [
            -0.06007130023227031,
            -0.9981143374137266,
            0.012617778630265353
          ],
          [
            0.9976627457854116,
            -0.06044691425870477,
            -0.03186245797979856
          ],
          [
            0.03256508191787831,
            0.010674268394540453,
            0.9994126152065137
          ]
        ],
        "corners": [
          [
            300.32482910156256,
            85.30001068115233
          ],
          [
            296.6221618652344,
            146.71588134765625
          ],
          [
            357.46728515625,
            150.27322387695312
          ],
          [
            361.28857421875,
            88.82873535156249
          ]
        ]
      },
      {
        "id": 4,
        "center": [
          513.3518389345114,
          124.3839978927489
        ],
        "t": [
          0.017965686905771754,
          -0.007166293018722923,
          0.05306196840100105
        ],
        "R": [
          [
            0.06284844381962526,
            0.9947171390515039,
            0.08116579566937818
          ],
          [
            -0.9980216968529826,
            0.06250465419910328,
            0.006772061292110184
          ],
          [
            0.0016630454428597126,
            -0.08143083863403552,
            0.9966776072528231
          ]
        ],
        "corners": [
          [
            543.397216796875,
            157.13859558105472
          ],
          [
            547.329650878906,
            94.81421661376955
          ],
          [
            483.40661621093733,
            91.73858642578122
          ],
          [
            479.49468994140625,
            153.84877014160153
          ]
        ]
      },
      {
        "id": 5,
        "center": [
          497.321997043597,
          288.94618005545647
        ],
        "t": [
          0.016591693324603623,
          0.0081691362648037,
          0.053408865326998956
        ],
        "R": [
          [
            0.996191901472363,
            -0.07752472225448731,
            0.039895023251566165
          ],
          [
            0.07745456763868874,
            0.9969904097370097,
            0.003303459449390352
          ],
          [
            -0.04003105535433942,
            -0.00020082777343952488,
            0.9991984158691521
          ]
        ],
        "corners": [
          [
            463.79217529296875,
            317.15997314453125
          ],
          [
            526.2161865234375,
            322.4938659667969
          ],
          [
            531.0942993164061,
            260.52835083007807
          ],
          [
            468.42449951171875,
            255.39465332031244
          ]
        ]
      }
    ]
  },
  {
    "frame": 4,
    "detections": [
      {
        "id": 1,
        "center": [
          320.59505329870683,
          290.48443496789815
        ],
        "t": [
          6.755705691729179e-05,
          0.008426821893146811,
          0.054090147305937704
        ],
        "R": [
          [
            0.9987169683278229,
            -0.04036700633548773,
            0.030576493808042397
          ],
          [
            0.03976409865177055,
            0.9990073901410298,
            0.020076127664965717
          ],
          [
            -0.031356556451479535,
            -0.018834522641108645,
            0.999330789640941
          ]
        ],
        "corners": [
          [
            288.74658203125,
            319.7146911621094
          ],
          [
            350.14007568359375,
            322.62716674804693
          ],
          [
            352.4044189453125,
            261.2900695800781
          ],
          [
            291.22964477539057,
            258.53710937499994
          ]
        ]
      },
      {
        "id": 2,
        "center": [
          328.92069319691365,
          117.86174175547231
        ],
        "t": [
          0.0008588792010760554,
          -0.007940720736176918,
          0.054225153538620126
        ],
        "R": [
          [
            -0.0581267075692371,
            -0.9982558073949599,
            -0.010326125575377598
          ],
          [
            0.997424181759875,
            -0.05763661998531361,
            -0.042696857932557085
          ],
          [
            0.04202722341298398,
            -0.012781355127941688,
            0.9990347088331258
          ]
        ],
        "corners": [
          [
            300.2055053710937,
            85.29614257812503
          ],
          [
            296.66738891601557,
            146.73063659667972
          ],
          [
            357.4764404296875,
            150.2465209960937
          ],
          [
            361.23895263671886,
            88.93470764160153
          ]
        ]
      },
      {
        "id": 4,
        "center": [
          513.2720050662521,
          124.39507892572874
        ],
        "t": [
          0.018031888313054488,
          -0.0071895965825785795,
          0.05325546479153445
        ],
        "R": [
          [
            0.0630684173803494,
            0.9931262939923562,
            0.09860293560613428
          ],
          [
            -0.9979529832239078,
            0.06380501182180326,
            -0.004331713393423432
          ],
          [
            -0.010593299941061562,
            -0.09812789943450809,
            0.9951174289243103
          ]
        ],
        "corners": [
          [
            543.2660522460938,
            157.21983337402347
          ],
          [
            547.4634399414062,
            94.70481872558595
          ],
          [
            483.58401489257824,
            91.90526580810544
          ],
          [
            479.4622497558595,
            153.75390625
          ]
        ]
      },
      {
        "id": 5,
        "center": [
          497.35418138696895,
          288.9107384064339
        ],
        "t": [
          0.016631462142062285,
          0.008186294047842437,
          0.05353681900343416
        ],
        "R": [
          [
            0.9958163293818447,
            -0.07830339467968572,
            0.04710006919429063
          ],
          [
            0.07764654494051143,
            0.9968585771923186,
            0.015620215648569625
          ],
          [
            -0.04817522387359205,
            -0.011897708171915766,
            0.9987680373064535
          ]
        ],
        "corners": [
          [
            463.86029052734375,
            317.0871887207031
          ],
          [
            526.3699951171875,
            322.4776916503906
          ],
          [
            530.9838256835938,
            260.6200866699219
          ],
          [
            468.3629760742188,
            255.3722534179688
          ]
        ]
      }
    ]
  },
  {
    "frame": 5,
    "detections": [
      {
        "id": 1,
        "center": [
          320.6140495591535,
          290.4688411754768
        ],
        "t": [
          6.94020238334719e-05,
          0.00842915631748661,
          0.05411690695195898
        ],
        "R": [
          [
            0.9990188980427841,
            -0.04098236473460398,
            0.016783537593181335
          ],
          [
            0.04062352327359714,
            0.9989497875693434,
            0.02119082990358855
          ],
          [
            -0.017634361633508407,
            -0.02048823310886521,
            0.9996345640252019
          ]
        ],
        "corners": [
          [
            288.72912597656256,
            319.760009765625
          ],
          [
            350.1020202636719,
            322.53512573242193
          ],
          [
            352.4151916503905,
            261.25463867187494
          ],
          [
            291.2598876953125,
            258.54806518554676
          ]
        ]
      },
      {
        "id": 2,
        "center": [
          328.9108029756031,
          117.88299798930322
        ],
        "t": [
          0.0008592931121037437,
          -0.007942368074187998,
          0.054251833795822685
        ],
        "R": [
          [
            -0.059168721903046145,
            -0.9981807057730275,
            0.011590555242081968
          ],
          [
            0.9972769458863836,
            -0.05961918874745409,
            -0.04340789716885929
          ],
          [
            0.04401994493280046,
            0.00899060373697063,
            0.9989901968951237
          ]
        ],
        "corners": [
          [
            300.2505798339844,
            85.35733795166018
          ],
          [
            296.7366027832032,
            146.70947265625006
          ],
          [
            357.49420166015625,
            150.32147216796872
          ],
          [
            361.2485046386719,
            88.91003417968746
          ]
        ]
      },
      {
        "id": 4,
        "center": [
          513.3799800544733,
          124.43149895347712
        ],
        "t": [
          0.017982698051291674,
          -0.007170136241118774,
          0.05310651527707759
        ],
        "R": [
          [
            0.06189451016183136,
            0.9943328809121964,
            0.08643605468020199
          ],
          [
            -0.9980826717384245,
            0.06168136930684397,
            0.0051370279268443874
          ],
          [
            -0.00022357843233051025,
            -0.08658828221696423,
            0.9962441565175677
          ]
        ],
        "corners": [
          [
            543.4501953125,
            157.0884246826172
          ],
          [
            547.3962402343751,
            94.8263931274414
          ],
          [
            483.35824584960926,
            91.82722473144531
          ],
          [
            479.54367065429676,
            153.87998962402347
          ]
        ]
      },
      {
        "id": 5,
        "center": [
          497.3194336888424,
          288.8842896105895
        ],
        "t": [
          0.01661567309511903,
          0.008177443087032554,
          0.05348725968221745
        ],
        "R": [
          [
            0.995945050601729,
            -0.07944168358120085,
            0.042219368679597795
          ],
          [
            0.07888738051399175,
            0.9967760362006559,
            0.014639496294252442
          ],
          [
            -0.043246241195739776,
            -0.011249558475475131,
            0.9990011061337954
          ]
        ],
        "corners": [
          [
            463.8108825683593,
            317.0762023925781
          ],
          [
            526.2843627929688,
            322.5259704589843
          ],
          [
            530.9931640625001,
            260.5534057617187
          ],
          [
            468.4385375976562,
            255.34020996093744
          ]
        ]
      }
    ]
  }
]