[
  {
    "frame": 0,
    "detections": [
      {
        "id": 0,
        "center": [
          327.84027246477046,
          324.8144006090443
        ],
        "t": [
          0.000575664979893231,
          0.008909381366617598,
          0.04126021783635467
        ],
        "R": [
          [
            -0.04072156095736777,
            -0.9991583967300837,
            -0.004924704759112691
          ],
          [
            0.9983738075965615,
            -0.04049180563148032,
            -0.0401267240358143
          ],
          [
            0.039893543065756314,
            -0.006550719080488131,
            0.9991824624667855
          ]
        ],
        "corners": [
          [
            289.2729797363281,
            283.45202636718744
          ],
          [
            286.0867004394532,
            362.9089660644531
          ],
          [
            366.2418823242187,
            365.9990844726563
          ],
          [
            369.6862487792968,
            286.6355285644531
          ]
        ]
      },
      {
        "id": 1,
        "center": [
          338.9715647604752,
          120.80902916016352
        ],
        "t": [
          0.0013471602455565894,
          -0.005689955667158309,
          0.040268642656580776
        ],
        "R": [
          [
            0.9980046284758955,
            -0.04146075222886028,
            0.04762108320172999
          ],
          [
            0.04787940723987516,
            0.9886074408338761,
            -0.142698599468437
          ],
          [
            -0.04116216591783311,
            0.14469393198234773,
            0.9886199179383554
          ]
        ],
        "corners": [
          [
            296.41735839843756,
            160.0185546875
          ],
          [
            377.9301452636719,
            163.61787414550778
          ],
          [
            382.69097900390614,
            80.52587890625
          ],
          [
            299.43591308593744,
            77.366081237793
          ]
        ]
      },
      {
        "id": 3,
        "center": [
          547.8196191066697,
          337.7610281136321
        ],
        "t": [
          0.016099041784051638,
          0.00961054978117286,
          0.04035533703973018
        ],
        "R": [
          [
            -0.09264784059080261,
            -0.9938063913316861,
            0.061361504073410233
          ],
          [
            0.9928106640179285,
            -0.09689404729588813,
            -0.070274668344304
          ],
          [
            0.07578497902711973,
            0.05440955933392661,
            0.9956386075313406
          ]
        ],
        "corners": [
          [
            510.8316955566405,
            292.8006286621095
          ],
          [
            501.67431640625,
            372.83151245117193
          ],
          [
            584.1453247070312,
            381.91647338867176
          ],
          [
            595.0639038085936,
            301.8553161621094
          ]
        ]
      },
      {
        "id": 5,
        "center": [
          579.9093885368056,
          117.60336677024574
        ],
        "t": [
          0.017818720826053142,
          -0.005759189932278251,
          0.03915478297915631
        ],
        "R": [
          [
            0.9956531517173532,
            -0.07683108810643913,
            0.052647748058971586
          ],
          [
            0.08185095672703274,
            0.991516737802929,
            -0.10097019134133776
          ],
          [
            -0.04444347374103168,
            0.10484055778665782,
            0.9934954630418866
          ]
        ],
        "corners": [
          [
            532.1668090820311,
            156.55033874511722
          ],
          [
            617.3219604492188,
            162.96206665039057
          ],
          [
            628.6877441406251,
            77.81143951416011
          ],
          [
            541.8047485351562,
            71.4056091308594
          ]
        ]
      }
    ]
  },
  {
    "frame": 1,
    "detections": [
      {
        "id": 0,
        "center": [
          327.76261548105845,
          324.8964313226477
        ],
        "t": [
          0.0005747841589514147,
          0.008893946356771449,
          0.04119529352039154
        ],
        "R": [
          [
            -0.03972004953974201,
            -0.9992065281086566,
            -0.0029380009539209245
          ],
          [
            0.998095298993429,
            -0.039536632774380964,
            -0.04735640184897064
          ],
          [
            0.047202667210422364,
            -0.004813403568011718,
            0.9988737354412286
          ]
        ],
        "corners": [
          [
            289.1585693359375,
            283.4921875
          ],
          [
            286.21572875976557,
            362.91232299804693
          ],
          [
            366.1092834472657,
            366.02462768554693
          ],
          [
            369.8293457031251,
            286.4048767089844
          ]
        ]
      },
      {
        "id": 1,
        "center": [
          339.15653189660367,
          120.75810060640956
        ],
        "t": [
          0.0013592122973712204,
          -0.005690860375064022,
          0.0402487410320278
        ],
        "R": [
          [
            0.9990096630517591,
            -0.04449373953975955,
            -1.646146700198716e-05
          ],
          [
            0.04421219728601061,
            0.9927296660802728,
            -0.11195129161957856
          ],
          [
            0.004997473397101271,
            0.11183969432145763,
            0.9937136952028629
          ]
        ],
        "corners": [
          [
            296.38940429687494,
            160.08543395996094
          ],
          [
            377.9761047363282,
            163.74664306640628
          ],
          [
            382.59112548828136,
            80.8169860839844
          ],
          [
            299.6717529296875,
            77.03291320800781
          ]
        ]
      },
      {
        "id": 3,
        "center": [
          547.8283561930734,
          337.76007775674697
        ],
        "t": [
          0.01607145766174058,
          0.00959236742064342,
          0.04027681558731397
        ],
        "R": [
          [
            -0.09166373890270285,
            -0.9939667387912585,
            0.06023189476553746
          ],
          [
            0.9922890030341951,
            -0.09624184943387254,
            -0.07810275843368568
          ],
          [
            0.08342837303807374,
            0.0526082559511095,
            0.9951241520423483
          ]
        ],
        "corners": [
          [
            510.9051513671874,
            292.87463378906244
          ],
          [
            501.59710693359375,
            372.8083801269531
          ],
          [
            584.1240234375,
            381.88265991210943
          ],
          [
            595.2952880859374,
            301.7749938964844
          ]
        ]
      },
      {
        "id": 5,
        "center": [
          579.9302084691276,
          117.29632565038727
        ],
        "t": [
          0.017837800521201756,
          -0.005770438322538488,
          0.03920074574920053
        ],
        "R": [
          [
            0.9951186131134282,
            -0.08294822658904344,
            0.05346529286312451
          ],
          [
            0.0874043974110611,
            0.9923452865771982,
            -0.08724278492360744
          ],
          [
            -0.04581939707608858,
            0.09149002084244065,
            0.994751305069681
          ]
        ],
        "corners": [
          [
            531.855224609375,
            156.25897216796875
          ],
          [
            617.4840698242188,
            163.02711486816406
          ],
          [
            628.3636474609374,
            78.04316711425781
          ],
          [
            542.1692504882811,
            71.31334686279298
          ]
        ]
      }
    ]
  },
  {
    "frame": 2,
    "detections": [
      {
        "id": 0,
        "center": [
          327.84167187906365,
          324.71108968435203
        ],
        "t": [
          0.0005791267103000575,
          0.008914093872305198,
          0.04130130989459675
        ],
        "R": [
          [
            -0.03981260897742239,
            -0.9992014729572852,
            -0.0033723295215808136
          ],
          [
            0.9987773766568322,
            -0.039696279116521294,
            -0.029461115097689165
          ],
          [
            0.029303720666613572,
            -0.004541130288210002,
            0.9995602383502451
          ]
        ],
        "corners": [
          [
            289.37902832031256,
            283.4928588867188
          ],
          [
            286.0674743652344,
            362.9123229980468
          ],
          [
            366.37026977539057,
            366.0
          ],
          [
            369.6487731933593,
            286.4797668457032
          ]
        ]
      },
      {
        "id": 1,
        "center": [
          339.0290404423246,
          120.69580549962333
        ],
        "t": [
          0.0013512755223547004,
          -0.005698517166598572,
          0.04026943194750627
        ],
        "R": [
          [
            0.9986698228458935,
            -0.04150228295947528,
            0.030596494016532538
          ],
          [
            0.044355792226523666,
            0.9940591897908078,
            -0.09939260982789543
          ],
          [
            -0.02628970583535559,
            0.10061753178047271,
            0.9945777816065952
          ]
        ],
        "corners": [
          [
            296.44601440429693,
            160.03469848632812
          ],
          [
            378.1822814941406,
            163.58941650390628
          ],
          [
            382.4212341308593,
            80.60939025878909
          ],
          [
            299.4485778808593,
            77.33415985107422
          ]
        ]
      },
      {
        "id": 3,
        "center": [
          547.8767912659821,
          337.6273031634977
        ],
        "t": [
          0.016046668578445066,
          0.009577067636234202,
          0.040224378726825945
        ],
        "R": [
          [
            -0.08863130377974632,
            -0.9941948695261935,
            0.06100043768774911
          ],
          [
            0.9925792152512212,
            -0.09327405115912973,
            -0.07801572169526987
          ],
          [
            0.08325258819743708,
            0.053633131440917386,
            0.9950841641641521
          ]
        ],
        "corners": [
          [
            510.7434997558593,
            292.8283081054687
          ],
          [
            501.4459533691406,
            372.9872741699219
          ],
          [
            584.415283203125,
            381.7087097167969
          ],
          [
            595.1093139648436,
            301.6567993164062
          ]
        ]
      },
      {
        "id": 5,
        "center": [
          579.8371053844709,
          117.43383597553849
        ],
        "t": [
          0.017857753750155195,
          -0.005774094184669089,
          0.039247192902346205
        ],
        "R": [
          [
            0.9950837880921811,
            -0.0819022069488074,
            0.05568018653910076
          ],
          [
            0.08680514056002064,
            0.9919461033237327,
            -0.09223771285768953
          ],
          [
            -0.04767727182284439,
            0.09661757913432342,
            0.9941790186650257
          ]
        ],
        "corners": [
          [
            531.964599609375,
            156.22561645507815
          ],
          [
            617.2988281250001,
            163.07177734375
          ],
          [
            628.4784545898438,
            78.01905059814449
          ],
          [
            542.0919799804688,
            71.45063781738284
          ]
        ]
      }
    ]
  },
  {
    "frame": 3,
    "detections": [
      {
        "id": 0,
        "center": [
          327.84577985589044,
          324.7035456640795
        ],
        "t": [
          0.0005792067722153033,
          0.008925133876818385,
          0.041349189872443626
        ],
        "R": [
          [
            -0.0413210812536326,
            -0.9990210348969969,
            -0.01579683757475464
          ],
          [
            0.9989284276314836,
            -0.04097705541572941,
            -0.021514585730335947
          ],
          [
            0.02084621581300639,
            -0.01666891606520106,
            0.9996437277968031
          ]
        ],
        "corners": [
          [
            289.4732971191406,
            283.5238342285156
          ],
          [
            285.9675292968749,
            363.05615234375
          ],
          [
            366.27685546875006,
            365.94613647460943
          ],
          [
            369.5748291015626,
            286.4875793457031
          ]
        ]
      },
      {
        "id": 1,
        "center": [
          339.04531664264863,
          120.69404490419883
        ],
        "t": [
          0.0013533650424732654,
          -0.005702139337439073,
          0.04029602364673892
        ],
        "R": [
          [
            0.9985718282511816,
            -0.043675249727715526,
            0.03076973162564903
          ],
          [
            0.04688325887565592,
            0.9925228611934498,
            -0.11269574102674154
          ],
          [
            -0.025617647438650856,
            0.11397737744653474,
            0.9931530061224801
          ]
        ],
        "corners": [
          [
            296.4657287597657,
            159.8716278076172
          ],
          [
            378.035888671875,
            163.68516540527347
          ],
          [
            382.5062561035157,
            80.70552825927734
          ],
          [
            299.5580139160157,
            77.15522766113277
          ]
        ]
      },
      {
        "id": 3,
        "center": [
          547.9890164807498,
          337.7684303147352
        ],
        "t": [
          0.016084593403309214,
          0.00959792281292406,
          0.04030663658184059
        ],
        "R": [
          [
            -0.09125313043329092,
            -0.993912974336228,
            0.06172410900318749
          ],
          [
            0.9926185941345891,
            -0.09575623697790536,
            -0.07442492632245654
          ],
          [
            0.07988236829486671,
            0.05447699079376292,
            0.9953145556605005
          ]
        ],
        "corners": [
          [
            510.8303833007813,
            292.71847534179693
          ],
          [
            501.6860046386719,
            372.92224121093756
          ],
          [
            584.2662353515625,
            381.74978637695307
          ],
          [
            595.2236938476562,
            301.90728759765625
          ]
        ]
      },
      {
        "id": 5,
        "center": [
          579.8532051764222,
          117.42827344348343
        ],
        "t": [
          0.017860614969192588,
          -0.005772248519694068,
          0.03924392186272481
        ],
        "R": [
          [
            0.9951285772969268,
            -0.07809008710815007,
            0.06017518543748903
          ],
          [
            0.0835794458616071,
            0.9919747503653246,
            -0.09487133849123786
          ],
          [
            -0.05228375346569274,
            0.09943858875252548,
            0.9936691482533031
          ]
        ],
        "corners": [
          [
            532.0570678710936,
            156.37603759765628
          ],
          [
            617.5638427734376,
            163.01388549804685
          ],
          [
            628.5342407226564,
            77.7594299316406
          ],
          [
            541.9932250976561,
            71.66213226318361
          ]
        ]
      }
    ]
  },
  {
    "frame": 4,
    "detections": [
      {
        "id": 0,
        "center": [
          327.7679744282211,
          324.710191017178
        ],
        "t": [
          0.0005754572333945538,
          0.00891920837569857,
          0.04131908788795154
        ],
        "R": [
          [
            -0.038211079153998156,
            -0.9992685575446223,
            0.0015044376280959858
          ],
          [
            0.9989616144243326,
            -0.038236637164485665,
            -0.02477201011389606
          ],
          [
            0.02481141544971582,
            0.0005563102024977598,
            0.9996919946575246
          ]
        ],
        "corners": [
          [
            289.30920410156256,
            283.5838928222656
          ],
          [
            286.0383605957031,
            362.9483947753906
          ],
          [
            366.4180908203125,
            366.0411071777343
          ],
          [
            369.5384216308593,
            286.43457031249994
          ]
        ]
      },
      {
        "id": 1,
        "center": [
          339.0137713823095,
          120.62831829675764
        ],
        "t": [
          0.0013487953093453827,
          -0.005697344972729055,
          0.040232025279036424
        ],
        "R": [
          [
            0.9986461815362444,
            -0.042854774350653546,
            0.029483426165097193
          ],
          [
            0.044823301240528135,
            0.9965598167449501,
            -0.06970942056258533
          ],
          [
            -0.026394616287778134,
            0.07093659115453103,
            0.9971315481251187
          ]
        ],
        "corners": [
          [
            296.314727783203,
            160.0999755859375
          ],
          [
            378.1877136230469,
            163.64840698242185
          ],
          [
            382.31845092773455,
            80.59680175781249
          ],
          [
            299.5947570800781,
            77.33909606933597
          ]
        ]
      },
      {
        "id": 3,
        "center": [
          547.91083282848,
          337.71666415156363
        ],
        "t": [
          0.016067230572632655,
          0.009584995706271632,
          0.040260767861244086
        ],
        "R": [
          [
            -0.08887072274335206,
            -0.9942330588971269,
            0.060021822990778476
          ],
          [
            0.9930127029130777,
            -0.09313643332953542,
            -0.07246638282621859
          ],
          [
            0.07763869197981935,
            0.053162292865480756,
            0.9955631592847074
          ]
        ],
        "corners": [
          [
            510.69979858398443,
            292.81542968750006
          ],
          [
            501.7753295898437,
            373.02874755859375
          ],
          [
            584.4318237304689,
            381.78524780273443
          ],
          [
            595.1324462890626,
            301.5732727050782
          ]
        ]
      },
      {
        "id": 5,
        "center": [
          579.9858009543306,
          117.43313859712877
        ],
        "t": [
          0.017849484542866046,
          -0.00577023919705044,
          0.039211318356217634
        ],
        "R": [
          [
            0.9954525224825072,
            -0.07875528835402645,
            0.053589924794563
          ],
          [
            0.08367559321813628,
            0.9917810772694049,
            -0.09679199279863832
          ],
          [
            -0.04552659204032049,
            0.1008360021352136,
            0.9938608705903365
          ]
        ],
        "corners": [
          [
            532.1309814453124,
            156.39315795898435
          ],
          [
            617.4571533203125,
            162.9328155517578
          ],
          [
            628.5892944335936,
            77.86360168457034
          ],
          [
            542.1045532226561,
            71.43574523925781
          ]
        ]
      }
    ]
  },
  {
    "frame": 5,
    "detections": [
      {
        "id": 0,
        "center": [
          327.7527825224477,
          324.6462404270823
        ],
        "t": [
          0.0005724914161091004,
          0.008917043453066983,
          0.041328638350570795
        ],
        "R": [
          [
            -0.03825690893574818,
            -0.9992677291789831,
            -0.0006436925976588403
          ],
          [
            0.9988762567231432,
            -0.038223871502735374,
            -0.028020695960370767
          ],
          [
            0.02797557279919423,
            -0.0017149544661020518,
            0.9996071359577903
          ]
        ],
        "corners": [
          [
            289.24804687499994,
            283.5242309570313
          ],
          [
            286.01654052734375,
            362.87045288085943
          ],
          [
            366.3797912597656,
            365.89883422851557
          ],
          [
            369.4638671875,
            286.445068359375
          ]
        ]
      },
      {
        "id": 1,
        "center": [
          339.0426279796813,
          120.74223840688714
        ],
        "t": [
          0.0013513663447166809,
          -0.005694591372672832,
          0.04026484762818064
        ],
        "R": [
          [
            0.9989568542269979,
            -0.04463419952296059,
            0.009643216571544452
          ],
          [
            0.04538058353389102,
            0.9938600225014883,
            -0.10091014969498227
          ],
          [
            -0.005079963683404239,
            0.10124250049403527,
            0.9948488076399803
          ]
        ],
        "corners": [
          [
            296.22058105468756,
            160.02394104003906
          ],
          [
            377.94464111328125,
            163.6739196777344
          ],
          [
            382.5274353027343,
            80.85256958007814
          ],
          [
            299.5740966796875,
            77.18535614013669
          ]
        ]
      },
      {
        "id": 3,
        "center": [
          547.7503942427329,
          337.8473737327953
        ],
        "t": [
          0.016080893642897602,
          0.009598326495032986,
          0.040300888354575425
        ],
        "R": [
          [
            -0.09060615365676794,
            -0.993884403549118,
            0.0631214488216212
          ],
          [
            0.9924597923088847,
            -0.09536645662303334,
            -0.07699869869921522
          ],
          [
            0.0825474746417579,
            0.05566894406202985,
            0.9950310965478852
          ]
        ],
        "corners": [
          [
            510.74624633789074,
            292.9380798339843
          ],
          [
            501.7647705078124,
            372.77270507812494
          ],
          [
            584.0928955078125,
            381.9536743164063
          ],
          [
            595.3413085937501,
            301.7028503417969
          ]
        ]
      },
      {
        "id": 5,
        "center": [
          579.8464257389912,
          117.44518680081273
        ],
        "t": [
          0.017849407356378102,
          -0.005768552095039826,
          0.03922140652063801
        ],
        "R": [
          [
            0.995096832739727,
            -0.0795713193935329,
            0.05874264721082919
          ],
          [
            0.0853835748171316,
            0.9908887187764268,
            -0.10415945541840528
          ],
          [
            -0.0499193211373198,
            0.1086644013998321,
            0.992824309354684
          ]
        ],
        "corners": [
          [
            531.8585205078125,
            156.3090057373047
          ],
          [
            617.2496337890625,
            163.0993194580078
          ],
          [
            628.779052734375,
            77.81626892089844
          ],
          [
            542.1973266601562,
            71.49092102050783
          ]
        ]
      }
    ]
  }
]