[
  {
    "frame": 0,
    "detections": [
      {
        "id": 1,
        "center": [
          207.95300573071088,
          167.15126759277973
        ],
        "t": [
          -0.0077799641577887095,
          -0.002384403878820689,
          0.039693074792441
        ],
        "R": [
          [
            0.9982716900872372,
            -0.006128280024020938,
            -0.0584472151117458
          ],
          [
            0.0025453895052813813,
            0.9981235146961385,
            -0.06117982022605748
          ],
          [
            0.05871246684170155,
            0.06092531160834137,
            0.9964140467911864
          ]
        ],
        "corners": [
          [
            166.17607116699222,
            208.78277587890628
          ],
          [
            249.99420166015628,
            209.06678771972653
          ],
          [
            249.5444641113281,
            125.70458984374996
          ],
          [
            165.18994140624997,
            124.51603698730469
          ]
        ]
      },
      {
        "id": 5,
        "center": [
          449.28958090650826,
          155.44073060839168
        ],
        "t": [
          0.008848068276625855,
          -0.0031563078660502854,
          0.0390403797022127
        ],
        "R": [
          [
            0.9958158418378524,
            -0.03274341900988853,
            0.08531516662535153
          ],
          [
            0.041801023548416694,
            0.993418386602992,
            -0.10664231612926099
          ],
          [
            -0.08126182114051676,
            0.10976236910094185,
            0.9906304753813479
          ]
        ],
        "corners": [
          [
            404.8636169433595,
            195.7106170654297
          ],
          [
            489.77947998046875,
            199.56875610351562
          ],
          [
            495.27185058593744,
            113.76013183593751
          ],
          [
            408.4825439453125,
            110.9670715332031
          ]
        ]
      }
    ]
  },
  {
    "frame": 1,
    "detections": [
      {
        "id": 1,
        "center": [
          207.92494522084172,
          166.98387372947025
        ],
        "t": [
          -0.007790510683460705,
          -0.002395161748455091,
          0.03974705870689764
        ],
        "R": [
          [
            0.9990700735760527,
            0.000203728911787604,
            -0.0431155027718749
          ],
          [
            -0.002230507807650217,
            0.9988940338769985,
            -0.04696524161395487
          ],
          [
            0.043058250308867195,
            0.047017736860334405,
            0.9979655903391014
          ]
        ],
        "corners": [
          [
            166.4645843505859,
            208.7139434814453
          ],
          [
            250.24873352050784,
            208.82131958007812
          ],
          [
            249.14773559570315,
            125.49291992187499
          ],
          [
            165.23715209960938,
            124.78660583496092
          ]
        ]
      },
      {
        "id": 5,
        "center": [
          449.1569601924182,
          155.00205072445064
        ],
        "t": [
          0.008836845283666501,
          -0.0031753136337500007,
          0.03902223971413178
        ],
        "R": [
          [
            0.9954621018139478,
            -0.04086571073960015,
            0.08593717203809094
          ],
          [
            0.04390003791163711,
            0.9984667101002129,
            -0.03371966033360198
          ],
          [
            -0.08442742755475816,
            0.0373392890586309,
            0.9957297760783705
          ]
        ],
        "corners": [
          [
            404.54919433593744,
            195.70034790039062
          ],
          [
            490.2131042480468,
            199.46437072753906
          ],
          [
            494.6404113769531,
            113.50481414794923
          ],
          [
            408.5736389160156,
            111.0517807006836
          ]
        ]
      }
    ]
  },
  {
    "frame": 2,
    "detections": [
      {
        "id": 1,
        "center": [
          207.83831259076626,
          167.0733666591379
        ],
        "t": [
          -0.007758473882606332,
          -0.0023836400245576235,
          0.03955996211971008
        ],
        "R": [
          [
            0.9999498287926363,
            -0.0055109637917414855,
            -0.008364757956053395
          ],
          [
            0.004898095108244904,
            0.9974215047553276,
            -0.0715985371074676
          ],
          [
            0.008737766412981789,
            0.07155397354238924,
            0.9973984561389732
          ]
        ],
        "corners": [
          [
            166.4466705322266,
            208.58616638183594
          ],
          [
            249.96266174316406,
            209.06080627441406
          ],
          [
            249.56161499023435,
            125.22793579101561
          ],
          [
            165.27972412109375,
            124.6530990600586
          ]
        ]
      },
      {
        "id": 5,
        "center": [
          449.5185349922151,
          155.27428440764663
        ],
        "t": [
          0.008837119057629081,
          -0.003153644175368967,
          0.0389356497392251
        ],
        "R": [
          [
            0.9982847152161327,
            -0.03450783951030628,
            0.04729520460021107
          ],
          [
            0.039047991282619654,
            0.9943506503469135,
            -0.09870176559445769
          ],
          [
            -0.043622032765992774,
            0.10037924669473143,
            0.993992517622925
          ]
        ],
        "corners": [
          [
            404.7020568847656,
            195.93119812011722
          ],
          [
            489.8111877441407,
            199.23992919921878
          ],
          [
            495.3313903808595,
            113.71347045898436
          ],
          [
            408.8297424316407,
            110.87638854980469
          ]
        ]
      }
    ]
  },
  {
    "frame": 3,
    "detections": [
      {
        "id": 1,
        "center": [
          207.7331552642803,
          167.05194363609374
        ],
        "t": [
          -0.0077645999434489965,
          -0.0023810620904947673,
          0.03956137301836686
        ],
        "R": [
          [
            0.9999629600868993,
            -0.00490231384046147,
            -0.007074303729412061
          ],
          [
            0.004416402312070633,
            0.9977338201540227,
            -0.06713955251174834
          ],
          [
            0.00738741124239688,
            0.06710582269721083,
            0.9977185147702062
          ]
        ],
        "corners": [
          [
            166.3444366455078,
            208.5477294921875
          ],
          [
            250.02268981933594,
            209.1645965576172
          ],
          [
            249.35476684570315,
            125.32266235351564
          ],
          [
            165.20550537109378,
            124.70217132568361
          ]
        ]
      },
      {
        "id": 5,
        "center": [
          449.2522295747277,
          155.31044660902558
        ],
        "t": [
          0.008840896795290855,
          -0.003159242616199737,
          0.03901353181484155
        ],
        "R": [
          [
            0.9955513053758127,
            -0.030847605012392643,
            0.08902821816432444
          ],
          [
            0.03945915109787587,
            0.994535971123312,
            -0.09664976738949833
          ],
          [
            -0.08556035156046368,
            0.09973278000140445,
            0.9913288046022073
          ]
        ],
        "corners": [
          [
            404.814971923828,
            195.8890686035156
          ],
          [
            489.98571777343744,
            199.42364501953125
          ],
          [
            495.1445617675782,
            113.40309906005857
          ],
          [
            408.4388122558594,
            111.11068725585933
          ]
        ]
      }
    ]
  },
  {
    "frame": 4,
    "detections": [
      {
        "id": 1,
        "center": [
          207.7432745111497,
          167.28366700767717
        ],
        "t": [
          -0.0077544627919413295,
          -0.0023711875928255823,
          0.03952282849782148
        ],
        "R": [
          [
            0.9999751911539385,
            -0.006748209610616562,
            0.0020195899820589394
          ],
          [
            0.0069082860700027116,
            0.9955410459339593,
            -0.09407604075582891
          ],
          [
            -0.0013757398807394683,
            0.0940876587431559,
            0.9955629662718536
          ]
        ],
        "corners": [
          [
            166.6194915771484,
            208.585205078125
          ],
          [
            249.86401367187503,
            209.17642211914068
          ],
          [
            249.61819458007812,
            125.22774505615233
          ],
          [
            165.08218383789062,
            124.85348510742182
          ]
        ]
      },
      {
        "id": 5,
        "center": [
          449.4637186182677,
          155.0573166648762
        ],
        "t": [
          0.00882768990510649,
          -0.003164706175196223,
          0.038909671497746746
        ],
        "R": [
          [
            0.9982136936332682,
            -0.039896024703334865,
            0.04447166576483954
          ],
          [
            0.04208277969626678,
            0.9978935412365059,
            -0.04937124680927746
          ],
          [
            -0.04240827155242461,
            0.05115454594987628,
            0.9977899332688207
          ]
        ],
        "corners": [
          [
            404.6598205566407,
            195.79714965820312
          ],
          [
            490.14959716796875,
            199.32374572753912
          ],
          [
            494.8809204101562,
            113.75981140136716
          ],
          [
            408.7238159179687,
            110.73210906982415
          ]
        ]
      }
    ]
  },
  {
    "frame": 5,
    "detections": [
      {
        "id": 1,
        "center": [
          207.7471872189165,
          167.27005727397648
        ],
        "t": [
          -0.007765902473515326,
          -0.002370323054393388,
          0.03958377312600101
        ],
        "R": [
          [
            0.9997961065467599,
            -0.006891782690902348,
            -0.018980217735356474
          ],
          [
            0.005238720275613229,
            0.9962980855621921,
            -0.08580606339289916
          ],
          [
            0.019501311335754862,
            0.08568913604683927,
            0.9961310510267875
          ]
        ],
        "corners": [
          [
            166.34715270996094,
            208.57965087890622
          ],
          [
            250.0570220947265,
            209.19860839843747
          ],
          [
            249.56791687011713,
            125.54068756103518
          ],
          [
            164.98208618164062,
            124.89034271240236
          ]
        ]
      },
      {
        "id": 5,
        "center": [
          449.50378852818784,
          155.1641345903291
        ],
        "t": [
          0.008838483244619152,
          -0.0031624912941964887,
          0.03893983889464035
        ],
        "R": [
          [
            0.9974272580503362,
            -0.04121147025187927,
            0.0586556017603308
          ],
          [
            0.04368070652849393,
            0.9981850311250835,
            -0.0414564773586411
          ],
          [
            -0.056840661285382954,
            0.04391193866700046,
            0.9974171047596616
          ]
        ],
        "corners": [
          [
            404.79302978515614,
            195.71884155273435
          ],
          [
            490.37057495117193,
            199.51770019531256
          ],
          [
            494.9904174804689,
            113.9056777954102
          ],
          [
            408.67028808593744,
            110.84669494628903
          ]
        ]
      }
    ]
  }
]